-769135;-961188;-1006149;-1023938;-1030296;-1051683;-1051683;-1051683;-1052108;-1052108;-1055775;-1060071;-1060071;-1065688;-1065688;-1080612;-1080612;-1080612;-1080612;-1080612;-1080612;-1080612;-1080612;-1080987;-1080987;-1080987;-1085255;-1085255;-1085255;-1088212;-1088212;-1088212;-1089538;-1090442;-1092554;-1092554;-1092554;-1093184;-1093920;-1094483;-1094483;-1095262;-1095262;-1095262;-1095262;-1095262;-1095262;-1095262;-1095262;-1095262
-768460;-983342;-1015802;-1027919;-1039674;-1039674;-1039674;-1053979;-1053979;-1059191;-1065586;-1065586;-1065586;-1070614;-1070614;-1070614;-1071954;-1077469;-1078638;-1078638;-1081843;-1081843;-1082166;-1085341;-1085341;-1087095;-1087095;-1087095;-1087095;-1088166;-1088784;-1089274;-1089789;-1090969;-1092524;-1092524;-1094112;-1094112;-1094482;-1094482;-1094767;-1094767;-1095112;-1095232;-1095232;-1095382;-1095382;-1095382;-1095382;-1095382
-832457;-993629;-1003360;-1033791;-1044533;-1044533;-1046784;-1046784;-1048599;-1055289;-1056632;-1063090;-1077848;-1077848;-1077848;-1077848;-1082885;-1082885;-1082885;-1082885;-1082885;-1082885;-1082885;-1082885;-1082885;-1084681;-1090402;-1090402;-1090402;-1090402;-1090402;-1090546;-1090546;-1090796;-1090796;-1091111;-1092103;-1092517;-1092560;-1093561;-1093632;-1093632;-1094517;-1095232;-1095232;-1095232;-1095232;-1095232;-1095232;-1095232
-766704;-952022;-1009618;-1024537;-1030842;-1045496;-1045496;-1054202;-1054202;-1064374;-1064374;-1064374;-1065180;-1065180;-1069264;-1076984;-1076984;-1076984;-1076984;-1079189;-1080608;-1080608;-1081079;-1084977;-1086375;-1086673;-1086673;-1086673;-1086673;-1087684;-1089684;-1089684;-1091508;-1091508;-1092130;-1092130;-1092130;-1093135;-1093595;-1093621;-1094625;-1094625;-1095195;-1095195;-1095195;-1095195;-1095195;-1095445;-1095445;-1095445
-780858;-972546;-1004312;-1034550;-1043307;-1043307;-1048597;-1048597;-1057797;-1062773;-1065459;-1065459;-1065459;-1065459;-1070383;-1070383;-1070383;-1071791;-1073618;-1074377;-1075293;-1078643;-1078643;-1078643;-1078643;-1078969;-1080393;-1082992;-1084774;-1084937;-1089631;-1089631;-1089631;-1089631;-1090366;-1092572;-1092882;-1092882;-1092882;-1093056;-1093722;-1094667;-1094667;-1094667;-1095102;-1095102;-1095102;-1095102;-1095102;-1095102
-811713;-1008407;-1008407;-1033546;-1041331;-1044282;-1044282;-1054075;-1062847;-1062847;-1066774;-1066774;-1066774;-1071621;-1071621;-1071621;-1071621;-1071621;-1074175;-1074175;-1076473;-1076914;-1081471;-1085164;-1085164;-1085164;-1087666;-1087666;-1088426;-1088687;-1090224;-1090224;-1090224;-1091478;-1091478;-1091478;-1091478;-1093001;-1093001;-1093001;-1093419;-1093870;-1093870;-1093970;-1094570;-1094570;-1094570;-1094570;-1094570;-1094570
-772310;-984246;-1005376;-1031133;-1037075;-1048563;-1048875;-1053591;-1059057;-1059057;-1059057;-1066841;-1070104;-1070104;-1070104;-1070592;-1070592;-1078131;-1078131;-1078131;-1078131;-1078131;-1080440;-1080440;-1080440;-1084604;-1087256;-1088829;-1089769;-1089769;-1089769;-1090409;-1090409;-1090956;-1090956;-1093314;-1093314;-1093314;-1094300;-1094667;-1094667;-1094671;-1094896;-1094987;-1094987;-1094987;-1095046;-1095137;-1095137;-1095137
-781288;-950535;-982282;-1025209;-1033556;-1043052;-1043052;-1054576;-1054576;-1054576;-1054576;-1058802;-1058802;-1070865;-1070865;-1070865;-1070865;-1070865;-1073692;-1073692;-1078686;-1078686;-1079376;-1081711;-1084349;-1084466;-1084466;-1084466;-1086921;-1088020;-1088443;-1088443;-1089827;-1091544;-1091845;-1091845;-1091845;-1091845;-1092769;-1092849;-1093994;-1094041;-1094361;-1094361;-1094662;-1094662;-1095132;-1095132;-1095132;-1095132
-769273;-942618;-985193;-1029620;-1029620;-1033255;-1047146;-1047146;-1057074;-1060299;-1060299;-1061730;-1061730;-1061730;-1061730;-1062987;-1063230;-1068007;-1068007;-1073902;-1073902;-1073902;-1073902;-1078113;-1079586;-1079694;-1081224;-1083848;-1084688;-1084688;-1084688;-1087426;-1089357;-1089357;-1089418;-1091889;-1092348;-1092650;-1094005;-1094677;-1094677;-1094677;-1094770;-1094770;-1094770;-1094770;-1094770;-1094770;-1094770;-1094770
-815098;-961169;-994208;-1024637;-1033917;-1039447;-1040172;-1045072;-1051604;-1051604;-1053632;-1059892;-1059892;-1059892;-1068426;-1068426;-1069122;-1069122;-1074622;-1074622;-1075484;-1076445;-1079587;-1079587;-1082971;-1082971;-1083444;-1085816;-1085816;-1086170;-1087240;-1088081;-1089917;-1090524;-1090524;-1091050;-1092152;-1092456;-1093950;-1094490;-1094795;-1094795;-1094795;-1094795;-1094795;-1094795;-1094795;-1094795;-1094945;-1094945
-782724;-964499;-1001475;-1010308;-1026579;-1048842;-1048842;-1049399;-1060457;-1060457;-1060457;-1060457;-1060457;-1067925;-1067925;-1067925;-1069234;-1069234;-1074496;-1076570;-1076570;-1078411;-1078972;-1078972;-1084475;-1084475;-1084475;-1084475;-1088237;-1088237;-1088237;-1089185;-1089369;-1089991;-1090484;-1090484;-1092239;-1093162;-1093383;-1094299;-1094299;-1094360;-1094360;-1094453;-1094510;-1094603;-1094603;-1094603;-1094603;-1094603
-844215;-980138;-1001213;-1027115;-1033535;-1034427;-1047628;-1055531;-1055531;-1055845;-1065486;-1065486;-1065486;-1065486;-1066967;-1066967;-1073850;-1074768;-1074768;-1074768;-1074768;-1077330;-1082826;-1082826;-1082826;-1082826;-1086863;-1088313;-1088313;-1088313;-1088313;-1088313;-1091668;-1091668;-1092770;-1092770;-1092770;-1093204;-1094207;-1094427;-1094845;-1095107;-1095107;-1095107;-1095107;-1095107;-1095357;-1095357;-1095357;-1095357
-829939;-960085;-994893;-1027059;-1036764;-1038651;-1041028;-1041028;-1048207;-1048899;-1051915;-1059525;-1059525;-1064324;-1065237;-1065237;-1070121;-1070121;-1070121;-1072187;-1078322;-1078322;-1079243;-1079627;-1081337;-1081337;-1081536;-1086802;-1086839;-1086839;-1086839;-1086839;-1087103;-1089980;-1089980;-1091971;-1094246;-1094246;-1094547;-1094547;-1094547;-1094547;-1094547;-1094547;-1094697;-1095232;-1095232;-1095382;-1095382;-1095382
-845919;-954445;-1011084;-1025845;-1030425;-1042309;-1042309;-1060584;-1063621;-1063621;-1063621;-1069725;-1069725;-1069725;-1070420;-1070420;-1070420;-1070420;-1081130;-1081130;-1081130;-1081130;-1081130;-1083714;-1083714;-1083714;-1083714;-1085720;-1085720;-1085720;-1087462;-1087462;-1091944;-1091944;-1091944;-1091944;-1091944;-1093379;-1093379;-1093379;-1093769;-1093991;-1093991;-1094694;-1094694;-1094694;-1095014;-1095014;-1095014;-1095014
-808744;-947850;-1002924;-1029015;-1029015;-1036604;-1039255;-1039255;-1049234;-1049393;-1057262;-1059960;-1065084;-1065084;-1068863;-1068863;-1068863;-1074428;-1076408;-1076408;-1076408;-1079165;-1081004;-1081004;-1083300;-1085672;-1085672;-1087995;-1087995;-1087995;-1087995;-1088769;-1091579;-1091579;-1091842;-1091899;-1092366;-1093024;-1093296;-1093474;-1094221;-1094746;-1094746;-1094841;-1094986;-1095206;-1095206;-1095206;-1095206;-1095206
-785070;-967250;-1000509;-1016039;-1030178;-1039431;-1046262;-1053939;-1057659;-1057659;-1057659;-1057659;-1057659;-1060885;-1070500;-1070500;-1070500;-1070500;-1070500;-1071626;-1077146;-1077146;-1077146;-1077146;-1083373;-1083373;-1084408;-1085215;-1085215;-1087229;-1087989;-1088030;-1089449;-1089542;-1089542;-1090781;-1090781;-1092849;-1092849;-1093467;-1093977;-1094371;-1094371;-1094371;-1094371;-1094371;-1094371;-1094371;-1094371;-1094371
-829499;-1001393;-1014955;-1033183;-1033183;-1049275;-1049275;-1050271;-1056820;-1056820;-1059043;-1059327;-1063332;-1063332;-1064568;-1072851;-1072851;-1075468;-1075468;-1077116;-1078826;-1078826;-1078826;-1080574;-1080574;-1080574;-1082117;-1082117;-1082271;-1083929;-1087610;-1087610;-1087610;-1088084;-1089947;-1089947;-1090860;-1092961;-1092961;-1092961;-1093791;-1093791;-1094101;-1094417;-1094612;-1094612;-1094787;-1094787;-1095232;-1095232
-816733;-955581;-982994;-1038579;-1038579;-1038579;-1044420;-1054145;-1054145;-1054145;-1054953;-1066465;-1066465;-1069021;-1069021;-1069021;-1069021;-1069754;-1074352;-1079083;-1081600;-1081600;-1081600;-1081600;-1081600;-1082333;-1085571;-1086736;-1086736;-1086736;-1088634;-1090846;-1091649;-1091649;-1091994;-1092117;-1094359;-1094359;-1094359;-1094625;-1094819;-1095039;-1095264;-1095264;-1095264;-1095264;-1095264;-1095264;-1095264;-1095264
-819649;-974556;-998499;-1030345;-1030345;-1031270;-1043772;-1043772;-1046774;-1054168;-1054168;-1063839;-1063839;-1069694;-1075499;-1075499;-1075499;-1075499;-1076377;-1076377;-1080251;-1080251;-1080251;-1080349;-1081318;-1083520;-1083520;-1083520;-1087289;-1087289;-1087289;-1088452;-1088452;-1088452;-1090896;-1091338;-1091338;-1093026;-1093856;-1093856;-1094606;-1094907;-1094907;-1094907;-1094965;-1094965;-1095065;-1095065;-1095065;-1095065
-779462;-967034;-999895;-1016601;-1025842;-1037053;-1041470;-1052914;-1061070;-1067410;-1067410;-1067410;-1068709;-1068709;-1070545;-1071400;-1071400;-1075101;-1075101;-1076201;-1076201;-1083101;-1084141;-1084141;-1084797;-1087239;-1089229;-1090705;-1090705;-1090705;-1090705;-1090705;-1090705;-1090705;-1091720;-1092721;-1093022;-1093022;-1093149;-1093692;-1094267;-1094360;-1094747;-1094987;-1094987;-1094987;-1094987;-1094987;-1094987;-1094987
-790849;-954086;-1004586;-1022818;-1032105;-1041763;-1041763;-1051313;-1051313;-1056998;-1056998;-1056998;-1073413;-1073413;-1073413;-1073413;-1073413;-1073413;-1073413;-1073641;-1074806;-1080471;-1080471;-1085462;-1085462;-1085462;-1085462;-1085462;-1085462;-1086031;-1086031;-1089520;-1089520;-1090387;-1090387;-1091836;-1092627;-1093557;-1094727;-1094727;-1094727;-1094912;-1094912;-1094912;-1094912;-1094912;-1094937;-1095157;-1095382;-1095382
-784254;-977335;-1008320;-1025733;-1030712;-1043818;-1046775;-1046775;-1051372;-1052953;-1052977;-1054519;-1061982;-1065991;-1068861;-1068861;-1068861;-1069786;-1073022;-1074151;-1074151;-1074978;-1075301;-1078010;-1080167;-1080167;-1080536;-1082261;-1085108;-1085108;-1086517;-1088834;-1088834;-1089608;-1091263;-1092469;-1092478;-1092863;-1093564;-1094233;-1094233;-1094233;-1094600;-1094792;-1094792;-1094792;-1094792;-1094792;-1094887;-1095112
-800776;-970037;-1035758;-1035758;-1037951;-1046168;-1046919;-1052992;-1055848;-1057948;-1064690;-1064690;-1064690;-1064690;-1074154;-1074154;-1074154;-1074154;-1074154;-1077209;-1077209;-1077209;-1077989;-1078080;-1078080;-1086711;-1086711;-1087461;-1087461;-1087974;-1089424;-1089924;-1090815;-1091717;-1092079;-1093659;-1093659;-1093659;-1093659;-1094127;-1094494;-1094494;-1094494;-1094795;-1094795;-1094945;-1094945;-1094945;-1094945;-1094945
-785485;-984564;-1029269;-1029269;-1029269;-1030370;-1043026;-1043026;-1045846;-1048720;-1056191;-1056810;-1056810;-1061379;-1064670;-1064670;-1065150;-1065150;-1075718;-1075718;-1075718;-1075718;-1077038;-1077038;-1083642;-1084023;-1084023;-1084580;-1086884;-1086884;-1087011;-1087011;-1087471;-1088107;-1088107;-1090107;-1090107;-1091307;-1091799;-1091799;-1092696;-1092696;-1092696;-1092696;-1092846;-1092846;-1092846;-1092846;-1092846;-1092846
-759474;-960040;-987947;-1003323;-1053373;-1053373;-1053373;-1053373;-1056837;-1056837;-1065052;-1065052;-1071821;-1071821;-1071821;-1072299;-1072299;-1072299;-1074444;-1076417;-1076417;-1079987;-1082146;-1084316;-1084316;-1084316;-1088323;-1088323;-1088323;-1089625;-1090689;-1090689;-1090689;-1091082;-1092781;-1092781;-1092781;-1093811;-1093811;-1093899;-1094486;-1094711;-1095016;-1095112;-1095112;-1095112;-1095112;-1095112;-1095112;-1095112
-751393;-979034;-998851;-1017468;-1017468;-1026225;-1040354;-1044681;-1062474;-1062474;-1062474;-1063802;-1063802;-1065697;-1065697;-1070026;-1070026;-1071622;-1075199;-1075199;-1075199;-1080290;-1080290;-1080290;-1082950;-1085714;-1085714;-1087494;-1088585;-1088585;-1088585;-1089822;-1089822;-1089822;-1089859;-1092548;-1092548;-1092815;-1093672;-1093672;-1094699;-1094944;-1094944;-1094957;-1095112;-1095112;-1095112;-1095112;-1095112;-1095112
-828734;-964860;-1001605;-1013036;-1035017;-1035017;-1040374;-1048351;-1048351;-1048972;-1058815;-1058815;-1060266;-1060266;-1063397;-1067832;-1075510;-1075510;-1075510;-1075510;-1075510;-1075747;-1076980;-1076980;-1089432;-1089432;-1089432;-1089432;-1089432;-1089432;-1089432;-1092259;-1092259;-1092259;-1092259;-1092259;-1092719;-1092819;-1093264;-1094001;-1094001;-1094762;-1094762;-1094885;-1094912;-1094912;-1094912;-1094912;-1094912;-1094912
-736973;-961935;-1005520;-1032005;-1039667;-1039667;-1045573;-1045573;-1046459;-1063026;-1073471;-1073471;-1073471;-1073471;-1073471;-1079399;-1079399;-1079399;-1079399;-1079399;-1082344;-1084450;-1084450;-1084450;-1084717;-1089980;-1089980;-1089980;-1089980;-1089980;-1089980;-1089980;-1089980;-1091969;-1091969;-1093005;-1093005;-1093299;-1093600;-1094295;-1094584;-1094885;-1094885;-1094962;-1094962;-1095112;-1095112;-1095112;-1095112;-1095112
-749301;-947637;-996876;-1012443;-1026421;-1043762;-1048226;-1048226;-1052792;-1055858;-1060650;-1067206;-1067206;-1067206;-1067206;-1081287;-1081287;-1081287;-1081287;-1081287;-1081287;-1081287;-1081287;-1083695;-1086313;-1087324;-1087324;-1087324;-1087324;-1088659;-1091877;-1091877;-1091877;-1091877;-1091877;-1093471;-1093471;-1093706;-1095132;-1095132;-1095132;-1095132;-1095132;-1095132;-1095132;-1095132;-1095132;-1095132;-1095132;-1095132
-793286;-971358;-1024330;-1024330;-1047490;-1047490;-1047490;-1055012;-1055012;-1060299;-1061282;-1062647;-1062647;-1064781;-1064781;-1067039;-1069887;-1069887;-1071489;-1074931;-1079393;-1079393;-1079393;-1082994;-1082994;-1082994;-1082994;-1087391;-1087391;-1087391;-1089786;-1090895;-1090895;-1091795;-1092341;-1092341;-1092341;-1092856;-1093430;-1093797;-1094667;-1094667;-1094692;-1095112;-1095207;-1095207;-1095207;-1095207;-1095207;-1095207