-82162;-120438;-130453;-130453;-130773;-130773;-130883;-130883;-130883;-130883;-130883;-130883;-130883;-130883;-130883;-130883;-130883;-130883;-130883;-130883;-130883;-130883;-130883;-130883;-130883;-130883;-130883;-130883;-130883;-130883;-130883;-130883;-130883;-130883;-130883;-130883;-130883;-130883;-130883;-130883;-130883;-130883;-130883;-130883;-130883;-130883;-130883;-130883;-130883;-130883;
-98707;-125963;-128793;-130233;-130723;-130883;-130883;-130883;-130883;-130883;-130883;-130883;-130883;-130883;-130883;-130883;-130883;-130883;-130883;-130883;-130883;-130883;-130883;-130883;-130883;-130883;-130883;-130883;-130883;-130883;-130883;-130883;-130883;-130883;-130883;-130883;-130883;-130883;-130883;-130883;-130883;-130883;-130883;-130883;-130883;-130883;-130883;-130883;-130883;-130883;
-89292;-119965;-122690;-126473;-129723;-130723;-130723;-130723;-130723;-130883;-130883;-130883;-130883;-130883;-130883;-130883;-130883;-130883;-130883;-130883;-130883;-130883;-130883;-130883;-130883;-130883;-130883;-130883;-130883;-130883;-130883;-130883;-130883;-130883;-130883;-130883;-130883;-130883;-130883;-130883;-130883;-130883;-130883;-130883;-130883;-130883;-130883;-130883;-130883;-130883;
-100726;-117453;-124565;-124740;-128021;-129723;-130883;-130883;-130883;-130883;-130883;-130883;-130883;-130883;-130883;-130883;-130883;-130883;-130883;-130883;-130883;-130883;-130883;-130883;-130883;-130883;-130883;-130883;-130883;-130883;-130883;-130883;-130883;-130883;-130883;-130883;-130883;-130883;-130883;-130883;-130883;-130883;-130883;-130883;-130883;-130883;-130883;-130883;-130883;-130883;
-74195;-127142;-130602;-130712;-130773;-130883;-130883;-130883;-130883;-130883;-130883;-130883;-130883;-130883;-130883;-130883;-130883;-130883;-130883;-130883;-130883;-130883;-130883;-130883;-130883;-130883;-130883;-130883;-130883;-130883;-130883;-130883;-130883;-130883;-130883;-130883;-130883;-130883;-130883;-130883;-130883;-130883;-130883;-130883;-130883;-130883;-130883;-130883;-130883;-130883;
-96842;-119783;-129518;-130613;-130723;-130883;-130883;-130883;-130883;-130883;-130883;-130883;-130883;-130883;-130883;-130883;-130883;-130883;-130883;-130883;-130883;-130883;-130883;-130883;-130883;-130883;-130883;-130883;-130883;-130883;-130883;-130883;-130883;-130883;-130883;-130883;-130883;-130883;-130883;-130883;-130883;-130883;-130883;-130883;-130883;-130883;-130883;-130883;-130883;-130883;
-108102;-120090;-126293;-127673;-129173;-129272;-129303;-129303;-129303;-130233;-130723;-130723;-130723;-130723;-130883;-130883;-130883;-130883;-130883;-130883;-130883;-130883;-130883;-130883;-130883;-130883;-130883;-130883;-130883;-130883;-130883;-130883;-130883;-130883;-130883;-130883;-130883;-130883;-130883;-130883;-130883;-130883;-130883;-130883;-130883;-130883;-130883;-130883;-130883;-130883;
-96920;-122554;-129262;-129778;-129908;-129908;-130092;-130092;-130233;-130712;-130723;-130723;-130723;-130883;-130883;-130883;-130883;-130883;-130883;-130883;-130883;-130883;-130883;-130883;-130883;-130883;-130883;-130883;-130883;-130883;-130883;-130883;-130883;-130883;-130883;-130883;-130883;-130883;-130883;-130883;-130883;-130883;-130883;-130883;-130883;-130883;-130883;-130883;-130883;-130883;
-100620;-121040;-124893;-125733;-129372;-129372;-129798;-130202;-130773;-130883;-130883;-130883;-130883;-130883;-130883;-130883;-130883;-130883;-130883;-130883;-130883;-130883;-130883;-130883;-130883;-130883;-130883;-130883;-130883;-130883;-130883;-130883;-130883;-130883;-130883;-130883;-130883;-130883;-130883;-130883;-130883;-130883;-130883;-130883;-130883;-130883;-130883;-130883;-130883;-130883;
-93544;-117542;-127943;-130602;-130602;-130712;-130723;-130723;-130723;-130723;-130723;-130723;-130723;-130723;-130723;-130883;-130883;-130883;-130883;-130883;-130883;-130883;-130883;-130883;-130883;-130883;-130883;-130883;-130883;-130883;-130883;-130883;-130883;-130883;-130883;-130883;-130883;-130883;-130883;-130883;-130883;-130883;-130883;-130883;-130883;-130883;-130883;-130883;-130883;-130883;
-97357;-123595;-123595;-126403;-129613;-130103;-130712;-130883;-130883;-130883;-130883;-130883;-130883;-130883;-130883;-130883;-130883;-130883;-130883;-130883;-130883;-130883;-130883;-130883;-130883;-130883;-130883;-130883;-130883;-130883;-130883;-130883;-130883;-130883;-130883;-130883;-130883;-130883;-130883;-130883;-130883;-130883;-130883;-130883;-130883;-130883;-130883;-130883;-130883;-130883;
-94170;-116610;-126398;-129298;-130773;-130773;-130883;-130883;-130883;-130883;-130883;-130883;-130883;-130883;-130883;-130883;-130883;-130883;-130883;-130883;-130883;-130883;-130883;-130883;-130883;-130883;-130883;-130883;-130883;-130883;-130883;-130883;-130883;-130883;-130883;-130883;-130883;-130883;-130883;-130883;-130883;-130883;-130883;-130883;-130883;-130883;-130883;-130883;-130883;-130883;
-79480;-123467;-128532;-128532;-128552;-128552;-128552;-128563;-128602;-128602;-128602;-128602;-128602;-128602;-128762;-129162;-129162;-129877;-129877;-129888;-129908;-130723;-130723;-130723;-130723;-130723;-130723;-130723;-130723;-130723;-130723;-130723;-130723;-130723;-130723;-130723;-130723;-130723;-130723;-130723;-130723;-130723;-130723;-130723;-130723;-130723;-130723;-130723;-130723;-130723;
-90153;-121884;-123719;-128178;-130053;-130053;-130103;-130123;-130773;-130883;-130883;-130883;-130883;-130883;-130883;-130883;-130883;-130883;-130883;-130883;-130883;-130883;-130883;-130883;-130883;-130883;-130883;-130883;-130883;-130883;-130883;-130883;-130883;-130883;-130883;-130883;-130883;-130883;-130883;-130883;-130883;-130883;-130883;-130883;-130883;-130883;-130883;-130883;-130883;-130883;
-98896;-120104;-126702;-126702;-128040;-128040;-130602;-130723;-130723;-130723;-130723;-130723;-130723;-130723;-130723;-130723;-130723;-130723;-130723;-130723;-130723;-130723;-130723;-130723;-130723;-130723;-130723;-130723;-130723;-130723;-130723;-130723;-130723;-130723;-130723;-130723;-130723;-130723;-130723;-130723;-130723;-130723;-130723;-130723;-130723;-130723;-130723;-130723;-130723;-130723;
-85340;-116807;-125803;-127983;-129193;-129777;-130233;-130723;-130723;-130723;-130723;-130723;-130723;-130723;-130723;-130723;-130723;-130723;-130723;-130723;-130723;-130723;-130723;-130723;-130723;-130723;-130723;-130723;-130723;-130723;-130723;-130723;-130723;-130723;-130723;-130723;-130723;-130723;-130723;-130723;-130723;-130723;-130723;-130723;-130723;-130723;-130723;-130723;-130723;-130723;
-86822;-125693;-126942;-130723;-130723;-130723;-130723;-130723;-130723;-130723;-130723;-130723;-130723;-130723;-130723;-130723;-130723;-130883;-130883;-130883;-130883;-130883;-130883;-130883;-130883;-130883;-130883;-130883;-130883;-130883;-130883;-130883;-130883;-130883;-130883;-130883;-130883;-130883;-130883;-130883;-130883;-130883;-130883;-130883;-130883;-130883;-130883;-130883;-130883;-130883;
-101152;-125382;-125382;-126652;-128322;-128322;-130092;-130092;-130092;-130712;-130712;-130712;-130712;-130712;-130723;-130723;-130723;-130723;-130723;-130723;-130723;-130723;-130723;-130723;-130723;-130883;-130883;-130883;-130883;-130883;-130883;-130883;-130883;-130883;-130883;-130883;-130883;-130883;-130883;-130883;-130883;-130883;-130883;-130883;-130883;-130883;-130883;-130883;-130883;-130883;
-106711;-119949;-126822;-129723;-130563;-130883;-130883;-130883;-130883;-130883;-130883;-130883;-130883;-130883;-130883;-130883;-130883;-130883;-130883;-130883;-130883;-130883;-130883;-130883;-130883;-130883;-130883;-130883;-130883;-130883;-130883;-130883;-130883;-130883;-130883;-130883;-130883;-130883;-130883;-130883;-130883;-130883;-130883;-130883;-130883;-130883;-130883;-130883;-130883;-130883;
-80785;-120700;-127153;-129383;-129383;-130723;-130723;-130723;-130723;-130723;-130723;-130723;-130723;-130723;-130723;-130723;-130723;-130723;-130723;-130723;-130723;-130723;-130723;-130723;-130723;-130723;-130723;-130723;-130723;-130723;-130723;-130723;-130723;-130723;-130723;-130723;-130723;-130723;-130723;-130723;-130723;-130723;-130723;-130723;-130723;-130723;-130723;-130723;-130723;-130723;
-105043;-122561;-129172;-129172;-130712;-130712;-130712;-130712;-130712;-130723;-130723;-130723;-130723;-130723;-130723;-130723;-130723;-130723;-130723;-130723;-130723;-130723;-130723;-130723;-130723;-130723;-130723;-130723;-130723;-130723;-130723;-130723;-130723;-130723;-130723;-130723;-130723;-130723;-130723;-130723;-130723;-130723;-130723;-130723;-130723;-130723;-130723;-130723;-130723;-130723;
-110829;-120679;-128042;-128693;-129172;-129183;-129183;-129183;-129183;-129183;-129183;-129183;-129183;-129183;-129183;-129183;-129183;-129183;-129183;-129183;-129183;-129183;-129183;-129183;-129183;-129183;-129183;-129183;-129183;-129183;-129183;-129183;-129183;-129183;-129183;-129183;-129183;-129183;-129183;-129183;-129183;-129183;-129183;-129183;-129183;-129183;-129183;-129183;-129183;-129183;
-91535;-122427;-127052;-128492;-130092;-130602;-130602;-130712;-130712;-130712;-130712;-130712;-130712;-130712;-130723;-130723;-130723;-130723;-130723;-130723;-130883;-130883;-130883;-130883;-130883;-130883;-130883;-130883;-130883;-130883;-130883;-130883;-130883;-130883;-130883;-130883;-130883;-130883;-130883;-130883;-130883;-130883;-130883;-130883;-130883;-130883;-130883;-130883;-130883;-130883;
-87743;-116870;-125818;-127631;-129613;-130053;-130773;-130883;-130883;-130883;-130883;-130883;-130883;-130883;-130883;-130883;-130883;-130883;-130883;-130883;-130883;-130883;-130883;-130883;-130883;-130883;-130883;-130883;-130883;-130883;-130883;-130883;-130883;-130883;-130883;-130883;-130883;-130883;-130883;-130883;-130883;-130883;-130883;-130883;-130883;-130883;-130883;-130883;-130883;-130883;
-77545;-119058;-127722;-127893;-129162;-130602;-130712;-130883;-130883;-130883;-130883;-130883;-130883;-130883;-130883;-130883;-130883;-130883;-130883;-130883;-130883;-130883;-130883;-130883;-130883;-130883;-130883;-130883;-130883;-130883;-130883;-130883;-130883;-130883;-130883;-130883;-130883;-130883;-130883;-130883;-130883;-130883;-130883;-130883;-130883;-130883;-130883;-130883;-130883;-130883;
-83569;-117249;-123445;-124235;-124680;-124725;-125219;-125219;-125219;-125219;-125230;-128913;-129183;-129183;-129183;-129183;-129183;-129183;-129183;-129183;-129183;-129183;-129183;-129183;-129183;-129183;-129183;-129183;-129183;-129183;-129183;-129183;-129183;-129183;-129183;-129183;-129183;-129183;-129183;-129183;-129183;-129183;-129183;-129183;-129183;-129183;-129183;-129183;-129183;-129183;
-87978;-112754;-121219;-123434;-123900;-124399;-125219;-130013;-130013;-130013;-130013;-130013;-130013;-130013;-130013;-130013;-130013;-130013;-130013;-130013;-130013;-130013;-130013;-130013;-130013;-130013;-130013;-130013;-130013;-130013;-130013;-130013;-130013;-130013;-130013;-130013;-130013;-130013;-130013;-130013;-130013;-130013;-130013;-130013;-130013;-130013;-130013;-130013;-130013;-130013;
-97525;-123040;-127638;-129723;-130723;-130883;-130883;-130883;-130883;-130883;-130883;-130883;-130883;-130883;-130883;-130883;-130883;-130883;-130883;-130883;-130883;-130883;-130883;-130883;-130883;-130883;-130883;-130883;-130883;-130883;-130883;-130883;-130883;-130883;-130883;-130883;-130883;-130883;-130883;-130883;-130883;-130883;-130883;-130883;-130883;-130883;-130883;-130883;-130883;-130883;
-87972;-112226;-127733;-130013;-130013;-130013;-130723;-130723;-130883;-130883;-130883;-130883;-130883;-130883;-130883;-130883;-130883;-130883;-130883;-130883;-130883;-130883;-130883;-130883;-130883;-130883;-130883;-130883;-130883;-130883;-130883;-130883;-130883;-130883;-130883;-130883;-130883;-130883;-130883;-130883;-130883;-130883;-130883;-130883;-130883;-130883;-130883;-130883;-130883;-130883;
-107187;-118244;-124155;-127633;-129403;-130163;-130712;-130712;-130712;-130712;-130712;-130712;-130712;-130723;-130723;-130723;-130723;-130723;-130723;-130723;-130723;-130723;-130723;-130723;-130723;-130723;-130723;-130723;-130723;-130723;-130723;-130723;-130723;-130723;-130723;-130723;-130723;-130723;-130723;-130723;-130723;-130723;-130723;-130723;-130723;-130723;-130723;-130723;-130723;-130723;
