-83995;-108143;-114781;-115831;-115831;-115831;-115831;-115831;-115831;-115831;-115831;-115831;-115831;-115831;-115831;-115831;-115831;-115831;-115831;-115831;-115831;-115831;-115831;-115831;-115831;-115831;-115831;-115831;-115831;-115831;-115831;-115831;-115831;-115831;-115831;-115831;-115831;-115831;-115831;-115831;-115831;-115831;-115831;-115831;-115831;-115831;-115831;-115831;-115831;-115831;
-67985;-102870;-115698;-118368;-119007;-119337;-119337;-119337;-119337;-119337;-119337;-119337;-119337;-119337;-119337;-119337;-119337;-119337;-119337;-119337;-119337;-119337;-119337;-119337;-119337;-119337;-119337;-119337;-119337;-119337;-119337;-119337;-119337;-119337;-119337;-119337;-119337;-119337;-119337;-119337;-119337;-119337;-119337;-119337;-119337;-119337;-119337;-119337;-119337;-119337;
-80455;-109047;-114512;-115076;-115501;-115831;-115831;-115831;-115831;-115831;-115831;-115831;-115831;-115831;-115831;-115831;-115831;-115831;-115831;-115831;-115831;-115831;-115831;-115831;-115831;-115831;-115831;-115831;-115831;-115831;-115831;-115831;-115831;-115831;-115831;-115831;-115831;-115831;-115831;-115831;-115831;-115831;-115831;-115831;-115831;-115831;-115831;-115831;-115831;-115831;
-68860;-111283;-114563;-118368;-119077;-119088;-119337;-119337;-119337;-119337;-119337;-119337;-119337;-119337;-119337;-119337;-119337;-119337;-119337;-119337;-119337;-119337;-119337;-119337;-119337;-119337;-119337;-119337;-119337;-119337;-119337;-119337;-119337;-119337;-119337;-119337;-119337;-119337;-119337;-119337;-119337;-119337;-119337;-119337;-119337;-119337;-119337;-119337;-119337;-119337;
-60893;-110988;-111822;-118957;-119088;-119337;-119337;-119337;-119337;-119337;-119337;-119337;-119337;-119337;-119337;-119337;-119337;-119337;-119337;-119337;-119337;-119337;-119337;-119337;-119337;-119337;-119337;-119337;-119337;-119337;-119337;-119337;-119337;-119337;-119337;-119337;-119337;-119337;-119337;-119337;-119337;-119337;-119337;-119337;-119337;-119337;-119337;-119337;-119337;-119337;
-81523;-111403;-115928;-118928;-118928;-118968;-118968;-118968;-119007;-119337;-119337;-119337;-119337;-119337;-119337;-119337;-119337;-119337;-119337;-119337;-119337;-119337;-119337;-119337;-119337;-119337;-119337;-119337;-119337;-119337;-119337;-119337;-119337;-119337;-119337;-119337;-119337;-119337;-119337;-119337;-119337;-119337;-119337;-119337;-119337;-119337;-119337;-119337;-119337;-119337;
-75118;-114757;-115197;-118928;-118957;-119007;-119088;-119337;-119337;-119337;-119337;-119337;-119337;-119337;-119337;-119337;-119337;-119337;-119337;-119337;-119337;-119337;-119337;-119337;-119337;-119337;-119337;-119337;-119337;-119337;-119337;-119337;-119337;-119337;-119337;-119337;-119337;-119337;-119337;-119337;-119337;-119337;-119337;-119337;-119337;-119337;-119337;-119337;-119337;-119337;
-81803;-108437;-114567;-115572;-119337;-119337;-119337;-119337;-119337;-119337;-119337;-119337;-119337;-119337;-119337;-119337;-119337;-119337;-119337;-119337;-119337;-119337;-119337;-119337;-119337;-119337;-119337;-119337;-119337;-119337;-119337;-119337;-119337;-119337;-119337;-119337;-119337;-119337;-119337;-119337;-119337;-119337;-119337;-119337;-119337;-119337;-119337;-119337;-119337;-119337;
-80922;-111193;-118038;-119088;-119088;-119337;-119337;-119337;-119337;-119337;-119337;-119337;-119337;-119337;-119337;-119337;-119337;-119337;-119337;-119337;-119337;-119337;-119337;-119337;-119337;-119337;-119337;-119337;-119337;-119337;-119337;-119337;-119337;-119337;-119337;-119337;-119337;-119337;-119337;-119337;-119337;-119337;-119337;-119337;-119337;-119337;-119337;-119337;-119337;-119337;
-62422;-110812;-114318;-118858;-119088;-119088;-119088;-119088;-119337;-119337;-119337;-119337;-119337;-119337;-119337;-119337;-119337;-119337;-119337;-119337;-119337;-119337;-119337;-119337;-119337;-119337;-119337;-119337;-119337;-119337;-119337;-119337;-119337;-119337;-119337;-119337;-119337;-119337;-119337;-119337;-119337;-119337;-119337;-119337;-119337;-119337;-119337;-119337;-119337;-119337;
-64577;-113188;-114953;-116463;-118968;-119337;-119337;-119337;-119337;-119337;-119337;-119337;-119337;-119337;-119337;-119337;-119337;-119337;-119337;-119337;-119337;-119337;-119337;-119337;-119337;-119337;-119337;-119337;-119337;-119337;-119337;-119337;-119337;-119337;-119337;-119337;-119337;-119337;-119337;-119337;-119337;-119337;-119337;-119337;-119337;-119337;-119337;-119337;-119337;-119337;
-50283;-112881;-116143;-117418;-117452;-118928;-119337;-119337;-119337;-119337;-119337;-119337;-119337;-119337;-119337;-119337;-119337;-119337;-119337;-119337;-119337;-119337;-119337;-119337;-119337;-119337;-119337;-119337;-119337;-119337;-119337;-119337;-119337;-119337;-119337;-119337;-119337;-119337;-119337;-119337;-119337;-119337;-119337;-119337;-119337;-119337;-119337;-119337;-119337;-119337;
-79105;-117452;-118858;-118928;-118928;-119337;-119337;-119337;-119337;-119337;-119337;-119337;-119337;-119337;-119337;-119337;-119337;-119337;-119337;-119337;-119337;-119337;-119337;-119337;-119337;-119337;-119337;-119337;-119337;-119337;-119337;-119337;-119337;-119337;-119337;-119337;-119337;-119337;-119337;-119337;-119337;-119337;-119337;-119337;-119337;-119337;-119337;-119337;-119337;-119337;
-88054;-115802;-116222;-116222;-116222;-117497;-117497;-117497;-117497;-119007;-119007;-119337;-119337;-119337;-119337;-119337;-119337;-119337;-119337;-119337;-119337;-119337;-119337;-119337;-119337;-119337;-119337;-119337;-119337;-119337;-119337;-119337;-119337;-119337;-119337;-119337;-119337;-119337;-119337;-119337;-119337;-119337;-119337;-119337;-119337;-119337;-119337;-119337;-119337;-119337;
-74118;-112787;-115237;-116452;-119337;-119337;-119337;-119337;-119337;-119337;-119337;-119337;-119337;-119337;-119337;-119337;-119337;-119337;-119337;-119337;-119337;-119337;-119337;-119337;-119337;-119337;-119337;-119337;-119337;-119337;-119337;-119337;-119337;-119337;-119337;-119337;-119337;-119337;-119337;-119337;-119337;-119337;-119337;-119337;-119337;-119337;-119337;-119337;-119337;-119337;
-60798;-108441;-114151;-115831;-115831;-115831;-115831;-115831;-115831;-115831;-115831;-115831;-115831;-115831;-115831;-115831;-115831;-115831;-115831;-115831;-115831;-115831;-115831;-115831;-115831;-115831;-115831;-115831;-115831;-115831;-115831;-115831;-115831;-115831;-115831;-115831;-115831;-115831;-115831;-115831;-115831;-115831;-115831;-115831;-115831;-115831;-115831;-115831;-115831;-115831;
-93588;-111802;-118928;-119088;-119088;-119337;-119337;-119337;-119337;-119337;-119337;-119337;-119337;-119337;-119337;-119337;-119337;-119337;-119337;-119337;-119337;-119337;-119337;-119337;-119337;-119337;-119337;-119337;-119337;-119337;-119337;-119337;-119337;-119337;-119337;-119337;-119337;-119337;-119337;-119337;-119337;-119337;-119337;-119337;-119337;-119337;-119337;-119337;-119337;-119337;
-89102;-110943;-118598;-118968;-119088;-119088;-119337;-119337;-119337;-119337;-119337;-119337;-119337;-119337;-119337;-119337;-119337;-119337;-119337;-119337;-119337;-119337;-119337;-119337;-119337;-119337;-119337;-119337;-119337;-119337;-119337;-119337;-119337;-119337;-119337;-119337;-119337;-119337;-119337;-119337;-119337;-119337;-119337;-119337;-119337;-119337;-119337;-119337;-119337;-119337;
-68308;-106033;-115502;-118038;-119088;-119088;-119088;-119088;-119088;-119088;-119088;-119088;-119088;-119088;-119088;-119088;-119088;-119088;-119088;-119088;-119088;-119088;-119088;-119088;-119088;-119088;-119088;-119088;-119088;-119088;-119088;-119088;-119088;-119088;-119088;-119088;-119088;-119088;-119088;-119088;-119088;-119088;-119088;-119088;-119088;-119088;-119088;-119088;-119088;-119088;
-67668;-110028;-115138;-118528;-119337;-119337;-119337;-119337;-119337;-119337;-119337;-119337;-119337;-119337;-119337;-119337;-119337;-119337;-119337;-119337;-119337;-119337;-119337;-119337;-119337;-119337;-119337;-119337;-119337;-119337;-119337;-119337;-119337;-119337;-119337;-119337;-119337;-119337;-119337;-119337;-119337;-119337;-119337;-119337;-119337;-119337;-119337;-119337;-119337;-119337;
-87485;-114372;-115298;-119337;-119337;-119337;-119337;-119337;-119337;-119337;-119337;-119337;-119337;-119337;-119337;-119337;-119337;-119337;-119337;-119337;-119337;-119337;-119337;-119337;-119337;-119337;-119337;-119337;-119337;-119337;-119337;-119337;-119337;-119337;-119337;-119337;-119337;-119337;-119337;-119337;-119337;-119337;-119337;-119337;-119337;-119337;-119337;-119337;-119337;-119337;
-84695;-110482;-116897;-119337;-119337;-119337;-119337;-119337;-119337;-119337;-119337;-119337;-119337;-119337;-119337;-119337;-119337;-119337;-119337;-119337;-119337;-119337;-119337;-119337;-119337;-119337;-119337;-119337;-119337;-119337;-119337;-119337;-119337;-119337;-119337;-119337;-119337;-119337;-119337;-119337;-119337;-119337;-119337;-119337;-119337;-119337;-119337;-119337;-119337;-119337;
-81100;-111197;-115852;-116222;-116622;-116622;-119088;-119088;-119088;-119088;-119088;-119088;-119088;-119088;-119088;-119088;-119088;-119088;-119088;-119088;-119088;-119088;-119088;-119088;-119088;-119088;-119088;-119088;-119088;-119088;-119088;-119088;-119088;-119088;-119088;-119088;-119088;-119088;-119088;-119088;-119088;-119088;-119088;-119088;-119088;-119088;-119088;-119088;-119088;-119088;
-50049;-109138;-112272;-113081;-114512;-115011;-115501;-115831;-115831;-115831;-115831;-115831;-115831;-115831;-115831;-115831;-115831;-115831;-115831;-115831;-115831;-115831;-115831;-115831;-115831;-115831;-115831;-115831;-115831;-115831;-115831;-115831;-115831;-115831;-115831;-115831;-115831;-115831;-115831;-115831;-115831;-115831;-115831;-115831;-115831;-115831;-115831;-115831;-115831;-115831;
-42602;-113667;-119337;-119337;-119337;-119337;-119337;-119337;-119337;-119337;-119337;-119337;-119337;-119337;-119337;-119337;-119337;-119337;-119337;-119337;-119337;-119337;-119337;-119337;-119337;-119337;-119337;-119337;-119337;-119337;-119337;-119337;-119337;-119337;-119337;-119337;-119337;-119337;-119337;-119337;-119337;-119337;-119337;-119337;-119337;-119337;-119337;-119337;-119337;-119337;
-87026;-108552;-113448;-115878;-118858;-119337;-119337;-119337;-119337;-119337;-119337;-119337;-119337;-119337;-119337;-119337;-119337;-119337;-119337;-119337;-119337;-119337;-119337;-119337;-119337;-119337;-119337;-119337;-119337;-119337;-119337;-119337;-119337;-119337;-119337;-119337;-119337;-119337;-119337;-119337;-119337;-119337;-119337;-119337;-119337;-119337;-119337;-119337;-119337;-119337;
-77707;-112558;-113997;-114527;-115406;-115406;-115406;-115406;-115406;-115831;-115831;-115831;-115831;-115831;-115831;-115831;-115831;-115831;-115831;-115831;-115831;-115831;-115831;-115831;-115831;-115831;-115831;-115831;-115831;-115831;-115831;-115831;-115831;-115831;-115831;-115831;-115831;-115831;-115831;-115831;-115831;-115831;-115831;-115831;-115831;-115831;-115831;-115831;-115831;-115831;
-72816;-110507;-115973;-116723;-118858;-119337;-119337;-119337;-119337;-119337;-119337;-119337;-119337;-119337;-119337;-119337;-119337;-119337;-119337;-119337;-119337;-119337;-119337;-119337;-119337;-119337;-119337;-119337;-119337;-119337;-119337;-119337;-119337;-119337;-119337;-119337;-119337;-119337;-119337;-119337;-119337;-119337;-119337;-119337;-119337;-119337;-119337;-119337;-119337;-119337;
-70243;-111193;-115377;-119007;-119337;-119337;-119337;-119337;-119337;-119337;-119337;-119337;-119337;-119337;-119337;-119337;-119337;-119337;-119337;-119337;-119337;-119337;-119337;-119337;-119337;-119337;-119337;-119337;-119337;-119337;-119337;-119337;-119337;-119337;-119337;-119337;-119337;-119337;-119337;-119337;-119337;-119337;-119337;-119337;-119337;-119337;-119337;-119337;-119337;-119337;
-87681;-106662;-115743;-119337;-119337;-119337;-119337;-119337;-119337;-119337;-119337;-119337;-119337;-119337;-119337;-119337;-119337;-119337;-119337;-119337;-119337;-119337;-119337;-119337;-119337;-119337;-119337;-119337;-119337;-119337;-119337;-119337;-119337;-119337;-119337;-119337;-119337;-119337;-119337;-119337;-119337;-119337;-119337;-119337;-119337;-119337;-119337;-119337;-119337;-119337;
