979999999999662571;277999999999802796;-187415;-337791;-397716;-411854;-417638;-417676;-467020;-467020;-474236;-487008;-494356;-510171;-510171;-510171;-530776;-530776;-530776;-530776;-549043;-553740;-553740;-561534;-563783;-570041;-577505;-585158;-589473;-589473;-594727;-594727;-596508;-596793;-602410;-602410;-605802;-609398;-611136;-614678;-614978;-615193;-617971;-621086;-621086;-621086;-621086;-621086;-621086;-621086;
833999999999463746;117999999999697441;-195761;-336222;-336222;-411946;-417816;-417816;-428376;-444261;-485929;-485956;-485956;-491670;-496411;-496411;-498993;-537149;-537149;-537149;-537149;-537149;-537149;-537149;-544898;-569127;-569127;-580702;-580702;-580702;-582540;-592402;-599673;-600123;-600123;-609920;-612188;-612188;-612352;-615398;-615398;-616573;-616573;-620060;-620060;-620060;-620060;-620060;-620060;-620060;
1159999999999564323;140999999999624947;-332578;-402566;-402566;-463804;-463804;-463804;-476020;-495986;-495986;-495986;-502653;-502653;-510713;-510713;-510999;-528036;-528036;-544381;-544381;-544381;-544381;-544381;-544381;-544381;-544381;-556475;-556475;-556475;-556570;-556570;-558652;-568841;-582905;-584125;-592895;-598925;-598925;-604351;-606706;-611270;-611865;-614676;-616371;-618641;-618641;-618641;-618641;-618641;
929999999999495935;176999999999738070;-335931;-335931;-341951;-362031;-381258;-408395;-408395;-450416;-471936;-471936;-498139;-498139;-511074;-511074;-511074;-547294;-547294;-547294;-547294;-547294;-547294;-568713;-568713;-568713;-578538;-578538;-578538;-578538;-583726;-589749;-593694;-598318;-599937;-602401;-608988;-608988;-610531;-613548;-613548;-613643;-616158;-616743;-618553;-618568;-619678;-619693;-620060;-620060;
1388999999999608860;78999999999790805;49999999999795366;-242428;-319216;-342277;-376610;-420244;-437048;-437048;-510422;-510422;-510422;-510422;-510422;-510422;-526838;-526838;-526838;-550027;-550027;-579994;-579994;-579994;-579994;-579994;-582047;-582047;-585989;-585989;-585989;-587544;-590925;-591430;-592445;-599640;-599640;-602742;-606656;-607581;-609015;-613006;-614898;-615453;-618641;-619766;-619766;-619766;-619766;-619766;
1241999999999659235;162999999999795629;-265314;-286938;-343565;-383988;-383988;-388576;-435874;-445900;-467984;-467984;-476961;-481691;-496538;-496538;-522368;-522368;-522368;-526379;-526379;-537765;-544212;-544212;-557304;-564442;-574688;-574688;-574688;-593319;-593319;-593319;-595748;-598761;-598761;-598761;-603790;-611511;-611511;-614817;-614817;-615430;-616137;-618275;-618275;-618275;-618275;-618275;-618275;-618540;
941999999999737883;43999999999808761;-193026;-262442;-351159;-403384;-403384;-439085;-440854;-440854;-523895;-523895;-523895;-526985;-526985;-532834;-532834;-555303;-555303;-558616;-558616;-558637;-558637;-570801;-570801;-571730;-574029;-579332;-579491;-579491;-584393;-591891;-602011;-602011;-602011;-604666;-606316;-611620;-611620;-619747;-619747;-619747;-620114;-620367;-621967;-623092;-623459;-623459;-623459;-623459;
614999999999571335;171999999999706459;19999999999795220;-276906;-379720;-379720;-379720;-403245;-404722;-432765;-482752;-482752;-492692;-497819;-497819;-538546;-538546;-538546;-538546;-538546;-545816;-565475;-565475;-565475;-565475;-566548;-566548;-571015;-583370;-583370;-583370;-594181;-601352;-605487;-605487;-605487;-605487;-611057;-612827;-614722;-614908;-616378;-617223;-617413;-619693;-620060;-620060;-620060;-620060;-620060;
1186999999999595939;8999999999746154;-252730;-305882;-326104;-387241;-420132;-420132;-433458;-440384;-456117;-460581;-472156;-487890;-500908;-504947;-505519;-526638;-526638;-526638;-531289;-531289;-531289;-537013;-537948;-543291;-555003;-569635;-569635;-569635;-582697;-582697;-592551;-603680;-603680;-603680;-607087;-607982;-613223;-614518;-615028;-617433;-618568;-620060;-620060;-620060;-620060;-620060;-620060;-620060;
1167999999999561671;89999999999718253;-299961;-322276;-333636;-340693;-399118;-413164;-424778;-439854;-478516;-478516;-486134;-486134;-506919;-506919;-506919;-516347;-541539;-541539;-569668;-569668;-569668;-569668;-591008;-591008;-591008;-591008;-591008;-591008;-591008;-591008;-591008;-594018;-598298;-600880;-603516;-609803;-609803;-610023;-611217;-616056;-616531;-617181;-618581;-618806;-618806;-619486;-621086;-621086;
1359999999999585964;-224342;-273446;-342351;-349411;-405004;-405004;-427311;-447184;-447184;-457260;-457589;-493382;-493382;-505106;-505106;-534727;-534727;-534727;-534727;-534727;-534727;-569315;-569315;-569315;-569315;-569315;-569315;-572461;-574861;-580185;-587599;-587599;-590302;-600903;-600903;-600903;-603618;-608423;-610259;-610259;-611353;-614290;-618670;-618670;-618670;-618670;-618670;-618670;-618670;
1355999999999623108;141999999999735954;-258962;-376067;-376067;-403114;-403114;-422750;-477209;-477209;-477209;-477215;-499086;-499871;-510934;-510934;-510934;-522099;-536555;-537375;-538153;-538153;-545356;-545356;-548021;-569803;-569803;-569803;-590487;-590487;-590596;-590596;-590596;-600672;-605007;-605007;-608783;-611575;-614585;-615030;-616118;-619228;-619228;-619228;-619228;-619595;-619595;-619595;-619595;-619595;
1244999999999602465;175999999999692451;35999999999811062;-408585;-433519;-433519;-444143;-447687;-447687;-447687;-454364;-473422;-473422;-478645;-511624;-511624;-511624;-511624;-512007;-512007;-512007;-518760;-522582;-522582;-568707;-568707;-568707;-568707;-571573;-575538;-576298;-580726;-592494;-594896;-598168;-601488;-603228;-610363;-611083;-611083;-617048;-617048;-618235;-618438;-619678;-619678;-619678;-619678;-619678;-619678;
1376999999999608544;-225125;-336820;-340908;-392661;-475038;-475038;-475038;-475038;-475676;-475676;-486912;-526296;-526296;-526296;-533519;-533519;-533519;-533519;-533519;-535321;-544146;-544146;-544146;-544146;-562451;-564086;-568347;-568347;-575159;-583745;-583745;-583745;-594234;-597505;-597505;-604960;-610240;-610240;-610240;-612160;-614613;-617796;-618571;-619696;-619696;-619696;-619696;-619696;-619696;
1097999999999501274;60999999999782523;-244427;-366969;-366969;-385617;-401553;-428511;-439726;-439952;-476494;-476494;-482443;-504755;-504755;-504755;-504755;-535922;-535922;-535922;-535922;-535922;-564565;-564565;-564565;-564565;-564565;-568575;-577520;-577761;-584806;-587833;-592295;-592295;-601615;-607552;-607552;-607552;-608810;-610190;-612065;-612065;-614248;-616500;-619693;-620060;-620060;-620060;-620060;-620060;
1274999999999620911;187999999999746700;-259047;-405612;-412172;-412172;-427168;-427168;-466570;-466570;-480108;-490287;-499653;-499653;-499653;-526808;-526808;-526808;-532813;-546003;-546003;-554326;-570161;-570161;-571954;-573346;-576535;-593905;-593905;-593905;-593905;-597483;-599910;-599910;-601905;-602618;-608066;-608106;-610066;-614223;-614223;-614223;-617241;-617241;-617241;-617241;-617241;-617241;-617241;-617241;
1337999999999510552;50999999999777423;-324585;-344670;-344670;-344670;-351410;-393334;-450496;-455297;-473741;-473741;-499741;-499741;-517790;-517790;-517790;-517790;-518836;-538756;-540475;-540475;-550805;-559333;-559333;-564507;-572470;-572470;-572984;-587546;-587546;-605254;-605254;-605254;-605254;-605254;-605254;-605254;-605802;-610519;-612578;-612578;-615197;-615418;-615579;-616843;-618810;-618810;-618810;-618810;
779999999999519566;105999999999786305;-255695;-389184;-440864;-440864;-440864;-440864;-444045;-459535;-470791;-484693;-484693;-492430;-500824;-500824;-500824;-544244;-544244;-544244;-544244;-544244;-547610;-567441;-567441;-575836;-575836;-575836;-575836;-582226;-582226;-582226;-591045;-593284;-598723;-600198;-602140;-605313;-609778;-617591;-617591;-617591;-618323;-618460;-619120;-620060;-620060;-620060;-620060;-620060;
1601999999999688579;130999999999767110;-229262;-254032;-308466;-324561;-445617;-445617;-445617;-464236;-503465;-503465;-503465;-503465;-508793;-508793;-508793;-522488;-522488;-527970;-527970;-527970;-540940;-573709;-573709;-581958;-581958;-588733;-597187;-597187;-597187;-597187;-597187;-597187;-603394;-611848;-611848;-611848;-612198;-613098;-613828;-614388;-615443;-615983;-615998;-619568;-619568;-619568;-619568;-619568;
1159999999999615308;264999999999838037;-184245;-354408;-393643;-421651;-421651;-428701;-441374;-441374;-458799;-458799;-494275;-494275;-499292;-499292;-510302;-537397;-537397;-539946;-546193;-560656;-560656;-560656;-563962;-574397;-574397;-581478;-581478;-581478;-595654;-595654;-596740;-604722;-604768;-604913;-613247;-613875;-613875;-616187;-617332;-617535;-618159;-620524;-621492;-623459;-623459;-623459;-623459;-623459;
891999999999656201;-151016;-208649;-376326;-376326;-398770;-421048;-421048;-435016;-471383;-484429;-484429;-494231;-494231;-494231;-517120;-517120;-517120;-538160;-538160;-558542;-558542;-560494;-565158;-572116;-572116;-572169;-573266;-584592;-584592;-584592;-584592;-594986;-601595;-601595;-601595;-613660;-613660;-613660;-613660;-616560;-618303;-618303;-620060;-620060;-620060;-620060;-620060;-620060;-620060;
1427999999999454811;299999999999565917;-312300;-359140;-409532;-413904;-413904;-426508;-451853;-459948;-476257;-476257;-481279;-495571;-497261;-497261;-511508;-517986;-560347;-560347;-560347;-560347;-560347;-560347;-560347;-572677;-582696;-582696;-582696;-584501;-592651;-592651;-592651;-601248;-601248;-601248;-604823;-609497;-613234;-613234;-615209;-615209;-616766;-617734;-617734;-617734;-617734;-617734;-617734;-617734;
1087999999999707223;196999999999744090;-265822;-327393;-376798;-386705;-392483;-435015;-435015;-470606;-470606;-470606;-493729;-499442;-499442;-510121;-510121;-510121;-522789;-524680;-524680;-533005;-533005;-544008;-556191;-571261;-571261;-571533;-579449;-579449;-588926;-591101;-594076;-597095;-601708;-603457;-605298;-607880;-613425;-613792;-615702;-618065;-618065;-618270;-620060;-620060;-620060;-620060;-620060;-620060;
647999999999730237;223999999999732160;-261080;-360659;-360659;-406521;-439711;-439711;-440847;-443606;-462214;-462390;-481876;-486710;-512567;-512567;-512567;-525600;-525600;-528588;-528588;-528588;-537919;-566065;-566065;-566065;-580363;-585562;-585562;-585562;-585577;-589582;-589582;-592501;-603331;-603331;-607314;-607314;-609818;-613935;-614655;-616503;-617178;-617178;-619228;-619595;-619595;-619595;-619595;-619595;
1319999999999529434;123999999999757050;-197597;-304068;-321196;-394667;-413293;-413293;-413293;-431540;-461987;-470232;-470232;-494132;-510031;-510031;-510461;-512491;-518273;-518420;-527317;-527317;-527317;-531271;-557158;-557158;-557158;-557158;-561693;-569432;-579014;-579014;-601094;-601094;-606069;-609693;-609693;-609693;-609693;-614058;-614255;-615218;-617118;-619228;-619595;-619595;-619595;-619595;-619595;-619595;
964999999999707097;122999999999813249;-195164;-317087;-317240;-326503;-403845;-406380;-438216;-438216;-448319;-462285;-517827;-517827;-517827;-525607;-525607;-525607;-525607;-531058;-542802;-548089;-548089;-551387;-569092;-569092;-569092;-569092;-579677;-587913;-593857;-594746;-597829;-598295;-601915;-604931;-608677;-613172;-613773;-613775;-615369;-616870;-616870;-616870;-616870;-616870;-616870;-616870;-616870;-616870;
1469999999999541117;-212908;-287928;-309403;-309403;-338733;-408157;-444411;-444411;-449572;-468950;-468950;-468950;-470632;-502341;-505937;-505937;-507515;-514493;-523102;-523967;-523967;-538243;-538243;-548323;-550709;-558105;-560187;-584115;-586696;-586696;-586696;-590205;-596775;-598763;-603873;-609460;-609460;-610763;-611413;-611880;-614003;-614465;-614805;-617170;-617537;-618513;-618513;-618540;-618540;
718999999999691196;135999999999799613;-376927;-376927;-376927;-401094;-401736;-432173;-460665;-460665;-460665;-480681;-480681;-480681;-480681;-493260;-494524;-526487;-526487;-526487;-526487;-545769;-549542;-569302;-569302;-569302;-569302;-569302;-569302;-579031;-580376;-585830;-592397;-595407;-606057;-606057;-606693;-608136;-610086;-615451;-615521;-615521;-616843;-618061;-618061;-618061;-618061;-618061;-618061;-618061;
1290999999999524287;33999999999769403;-288943;-289049;-376082;-376082;-379528;-399197;-428673;-428673;-431539;-465489;-465489;-490455;-490455;-512613;-534310;-534310;-549848;-549848;-549848;-549848;-568326;-568326;-568326;-568326;-568326;-568326;-568326;-574305;-574305;-589803;-589803;-589803;-593084;-602249;-602580;-604070;-606352;-609956;-612410;-614662;-614662;-616452;-617053;-619595;-619595;-619595;-619595;-619595;
1241999999999627556;97999999999691248;-212221;-340983;-372976;-372976;-438993;-438993;-445476;-445476;-463154;-475437;-475835;-486500;-486500;-488902;-523151;-523151;-529306;-543535;-543535;-543535;-543535;-545764;-557785;-562198;-566438;-571260;-583062;-583062;-595150;-595150;-595150;-597772;-597772;-599115;-603784;-603784;-607265;-611225;-615307;-615307;-615307;-616552;-617217;-619120;-619595;-619595;-619595;-619595;
