-100678;-140281;-140786;-141148;-141148;-141148;-141148;-141258;-141258;-141258;-141258;-141258;-141258;-141278;-141278;-141278;-141278;-141278;-141278;-141278;-141278;-141278;-141278;-141278;-141278;-141278;-141278;-141278;-141278;-141278;-141278;-141278;-141278;-141278;-141278;-141278;-141278;-141278;-141278;-141278;-141278;-141278;-141278;-141278;-141278;-141278;-141278;-141278;-141278;-141278
-130152;-137278;-137548;-139938;-141258;-141258;-141258;-141258;-141278;-141278;-141278;-141278;-141278;-141278;-141278;-141278;-141278;-141278;-141278;-141278;-141278;-141278;-141278;-141278;-141278;-141278;-141278;-141278;-141278;-141278;-141278;-141278;-141278;-141278;-141278;-141278;-141278;-141278;-141278;-141278;-141278;-141278;-141278;-141278;-141278;-141278;-141278;-141278;-141278;-141278
-117258;-137873;-139823;-139823;-140543;-140543;-140543;-140543;-140543;-140543;-140543;-140543;-140543;-140543;-140543;-140543;-140543;-140543;-140543;-140543;-140543;-140543;-140543;-140543;-140543;-140543;-140543;-140543;-140543;-140543;-140543;-140543;-140543;-140543;-140543;-140543;-140543;-140543;-140543;-140543;-140543;-140543;-140543;-140543;-140543;-140543;-140543;-140543;-140543;-140543
-102097;-133467;-137537;-138537;-141168;-141278;-141278;-141278;-141278;-141278;-141278;-141278;-141278;-141278;-141278;-141278;-141278;-141278;-141278;-141278;-141278;-141278;-141278;-141278;-141278;-141278;-141278;-141278;-141278;-141278;-141278;-141278;-141278;-141278;-141278;-141278;-141278;-141278;-141278;-141278;-141278;-141278;-141278;-141278;-141278;-141278;-141278;-141278;-141278;-141278
-105082;-133658;-137777;-139623;-141278;-141278;-141278;-141278;-141278;-141278;-141278;-141278;-141278;-141278;-141278;-141278;-141278;-141278;-141278;-141278;-141278;-141278;-141278;-141278;-141278;-141278;-141278;-141278;-141278;-141278;-141278;-141278;-141278;-141278;-141278;-141278;-141278;-141278;-141278;-141278;-141278;-141278;-141278;-141278;-141278;-141278;-141278;-141278;-141278;-141278
-116793;-137763;-139453;-139983;-140053;-140543;-140543;-140543;-140543;-140543;-140543;-140543;-140543;-140618;-140618;-140618;-140618;-140618;-140618;-140618;-140618;-140618;-140618;-140618;-140618;-140618;-140618;-140618;-140618;-140618;-140618;-140618;-140618;-140618;-140618;-140618;-140618;-140618;-140618;-140618;-140618;-140618;-140618;-141278;-141278;-141278;-141278;-141278;-141278;-141278
-122444;-137781;-140497;-141137;-141137;-141247;-141247;-141247;-141247;-141258;-141258;-141258;-141278;-141278;-141278;-141278;-141278;-141278;-141278;-141278;-141278;-141278;-141278;-141278;-141278;-141278;-141278;-141278;-141278;-141278;-141278;-141278;-141278;-141278;-141278;-141278;-141278;-141278;-141278;-141278;-141278;-141278;-141278;-141278;-141278;-141278;-141278;-141278;-141278;-141278
-108720;-138478;-138478;-140407;-140477;-140477;-140477;-140477;-140477;-140477;-140477;-140477;-140477;-140477;-140477;-140477;-140477;-140477;-140477;-140477;-140477;-140477;-140477;-140477;-140477;-140477;-140477;-140618;-140618;-140618;-140618;-140618;-140618;-140618;-140618;-140618;-140618;-140618;-140618;-140618;-140618;-140618;-140618;-140618;-140618;-140618;-140618;-140618;-140618;-140618
-102266;-135491;-139778;-139918;-140543;-140568;-141278;-141278;-141278;-141278;-141278;-141278;-141278;-141278;-141278;-141278;-141278;-141278;-141278;-141278;-141278;-141278;-141278;-141278;-141278;-141278;-141278;-141278;-141278;-141278;-141278;-141278;-141278;-141278;-141278;-141278;-141278;-141278;-141278;-141278;-141278;-141278;-141278;-141278;-141278;-141278;-141278;-141278;-141278;-141278
-101195;-138888;-138891;-140058;-140058;-140058;-140568;-140768;-141148;-141258;-141278;-141278;-141278;-141278;-141278;-141278;-141278;-141278;-141278;-141278;-141278;-141278;-141278;-141278;-141278;-141278;-141278;-141278;-141278;-141278;-141278;-141278;-141278;-141278;-141278;-141278;-141278;-141278;-141278;-141278;-141278;-141278;-141278;-141278;-141278;-141278;-141278;-141278;-141278;-141278
-100195;-136508;-137377;-139158;-141247;-141247;-141247;-141247;-141247;-141278;-141278;-141278;-141278;-141278;-141278;-141278;-141278;-141278;-141278;-141278;-141278;-141278;-141278;-141278;-141278;-141278;-141278;-141278;-141278;-141278;-141278;-141278;-141278;-141278;-141278;-141278;-141278;-141278;-141278;-141278;-141278;-141278;-141278;-141278;-141278;-141278;-141278;-141278;-141278;-141278
-113457;-137788;-139662;-139662;-139828;-140328;-140497;-140607;-141247;-141247;-141247;-141247;-141247;-141258;-141258;-141258;-141278;-141278;-141278;-141278;-141278;-141278;-141278;-141278;-141278;-141278;-141278;-141278;-141278;-141278;-141278;-141278;-141278;-141278;-141278;-141278;-141278;-141278;-141278;-141278;-141278;-141278;-141278;-141278;-141278;-141278;-141278;-141278;-141278;-141278
-125080;-132982;-137823;-140568;-141278;-141278;-141278;-141278;-141278;-141278;-141278;-141278;-141278;-141278;-141278;-141278;-141278;-141278;-141278;-141278;-141278;-141278;-141278;-141278;-141278;-141278;-141278;-141278;-141278;-141278;-141278;-141278;-141278;-141278;-141278;-141278;-141278;-141278;-141278;-141278;-141278;-141278;-141278;-141278;-141278;-141278;-141278;-141278;-141278;-141278
-107011;-137608;-140281;-141247;-141247;-141278;-141278;-141278;-141278;-141278;-141278;-141278;-141278;-141278;-141278;-141278;-141278;-141278;-141278;-141278;-141278;-141278;-141278;-141278;-141278;-141278;-141278;-141278;-141278;-141278;-141278;-141278;-141278;-141278;-141278;-141278;-141278;-141278;-141278;-141278;-141278;-141278;-141278;-141278;-141278;-141278;-141278;-141278;-141278;-141278
-116168;-135532;-138757;-140543;-140543;-140543;-140543;-140607;-140607;-140607;-140618;-140778;-140778;-140778;-140778;-140778;-140778;-140778;-140778;-140778;-140778;-140778;-140778;-140778;-140778;-140778;-140778;-140778;-140778;-140778;-140778;-140778;-140778;-140778;-140778;-140778;-140778;-140778;-140778;-140778;-140778;-140778;-140778;-140778;-140778;-140778;-140778;-140778;-140778;-140778
-98154;-138108;-139115;-139148;-140168;-140168;-140786;-140786;-140786;-140786;-140786;-140786;-140786;-140786;-140786;-140786;-140786;-140786;-140786;-140786;-140786;-140786;-140786;-140786;-140786;-140786;-140786;-140786;-140786;-140786;-140786;-140786;-140786;-140786;-140786;-140786;-140786;-140786;-140786;-140786;-140786;-140786;-140786;-140786;-140786;-140786;-140786;-140786;-140786;-140786
-114416;-137558;-139537;-140618;-141278;-141278;-141278;-141278;-141278;-141278;-141278;-141278;-141278;-141278;-141278;-141278;-141278;-141278;-141278;-141278;-141278;-141278;-141278;-141278;-141278;-141278;-141278;-141278;-141278;-141278;-141278;-141278;-141278;-141278;-141278;-141278;-141278;-141278;-141278;-141278;-141278;-141278;-141278;-141278;-141278;-141278;-141278;-141278;-141278;-141278
-116299;-138262;-140391;-141278;-141278;-141278;-141278;-141278;-141278;-141278;-141278;-141278;-141278;-141278;-141278;-141278;-141278;-141278;-141278;-141278;-141278;-141278;-141278;-141278;-141278;-141278;-141278;-141278;-141278;-141278;-141278;-141278;-141278;-141278;-141278;-141278;-141278;-141278;-141278;-141278;-141278;-141278;-141278;-141278;-141278;-141278;-141278;-141278;-141278;-141278
-114388;-139805;-139857;-141148;-141148;-141148;-141148;-141258;-141278;-141278;-141278;-141278;-141278;-141278;-141278;-141278;-141278;-141278;-141278;-141278;-141278;-141278;-141278;-141278;-141278;-141278;-141278;-141278;-141278;-141278;-141278;-141278;-141278;-141278;-141278;-141278;-141278;-141278;-141278;-141278;-141278;-141278;-141278;-141278;-141278;-141278;-141278;-141278;-141278;-141278
-105635;-136348;-139888;-140297;-140333;-140443;-141168;-141168;-141278;-141278;-141278;-141278;-141278;-141278;-141278;-141278;-141278;-141278;-141278;-141278;-141278;-141278;-141278;-141278;-141278;-141278;-141278;-141278;-141278;-141278;-141278;-141278;-141278;-141278;-141278;-141278;-141278;-141278;-141278;-141278;-141278;-141278;-141278;-141278;-141278;-141278;-141278;-141278;-141278;-141278
-104278;-137288;-139278;-139966;-140668;-141278;-141278;-141278;-141278;-141278;-141278;-141278;-141278;-141278;-141278;-141278;-141278;-141278;-141278;-141278;-141278;-141278;-141278;-141278;-141278;-141278;-141278;-141278;-141278;-141278;-141278;-141278;-141278;-141278;-141278;-141278;-141278;-141278;-141278;-141278;-141278;-141278;-141278;-141278;-141278;-141278;-141278;-141278;-141278;-141278
-114323;-138173;-139938;-140988;-140988;-140988;-140988;-140988;-140988;-140988;-141148;-141258;-141258;-141278;-141278;-141278;-141278;-141278;-141278;-141278;-141278;-141278;-141278;-141278;-141278;-141278;-141278;-141278;-141278;-141278;-141278;-141278;-141278;-141278;-141278;-141278;-141278;-141278;-141278;-141278;-141278;-141278;-141278;-141278;-141278;-141278;-141278;-141278;-141278;-141278
-131376;-136430;-140778;-140988;-140988;-141098;-141098;-141148;-141278;-141278;-141278;-141278;-141278;-141278;-141278;-141278;-141278;-141278;-141278;-141278;-141278;-141278;-141278;-141278;-141278;-141278;-141278;-141278;-141278;-141278;-141278;-141278;-141278;-141278;-141278;-141278;-141278;-141278;-141278;-141278;-141278;-141278;-141278;-141278;-141278;-141278;-141278;-141278;-141278;-141278
-107074;-137903;-140058;-140458;-140458;-141278;-141278;-141278;-141278;-141278;-141278;-141278;-141278;-141278;-141278;-141278;-141278;-141278;-141278;-141278;-141278;-141278;-141278;-141278;-141278;-141278;-141278;-141278;-141278;-141278;-141278;-141278;-141278;-141278;-141278;-141278;-141278;-141278;-141278;-141278;-141278;-141278;-141278;-141278;-141278;-141278;-141278;-141278;-141278;-141278
-116964;-137150;-139623;-141137;-141247;-141278;-141278;-141278;-141278;-141278;-141278;-141278;-141278;-141278;-141278;-141278;-141278;-141278;-141278;-141278;-141278;-141278;-141278;-141278;-141278;-141278;-141278;-141278;-141278;-141278;-141278;-141278;-141278;-141278;-141278;-141278;-141278;-141278;-141278;-141278;-141278;-141278;-141278;-141278;-141278;-141278;-141278;-141278;-141278;-141278
-105883;-135917;-137912;-139556;-139556;-140097;-140527;-140786;-141247;-141247;-141247;-141247;-141247;-141258;-141258;-141258;-141258;-141258;-141278;-141278;-141278;-141278;-141278;-141278;-141278;-141278;-141278;-141278;-141278;-141278;-141278;-141278;-141278;-141278;-141278;-141278;-141278;-141278;-141278;-141278;-141278;-141278;-141278;-141278;-141278;-141278;-141278;-141278;-141278;-141278
-104725;-139948;-139948;-140108;-141258;-141258;-141278;-141278;-141278;-141278;-141278;-141278;-141278;-141278;-141278;-141278;-141278;-141278;-141278;-141278;-141278;-141278;-141278;-141278;-141278;-141278;-141278;-141278;-141278;-141278;-141278;-141278;-141278;-141278;-141278;-141278;-141278;-141278;-141278;-141278;-141278;-141278;-141278;-141278;-141278;-141278;-141278;-141278;-141278;-141278
-90797;-137970;-140018;-141168;-141168;-141168;-141168;-141168;-141168;-141168;-141278;-141278;-141278;-141278;-141278;-141278;-141278;-141278;-141278;-141278;-141278;-141278;-141278;-141278;-141278;-141278;-141278;-141278;-141278;-141278;-141278;-141278;-141278;-141278;-141278;-141278;-141278;-141278;-141278;-141278;-141278;-141278;-141278;-141278;-141278;-141278;-141278;-141278;-141278;-141278
-110655;-137168;-139613;-141278;-141278;-141278;-141278;-141278;-141278;-141278;-141278;-141278;-141278;-141278;-141278;-141278;-141278;-141278;-141278;-141278;-141278;-141278;-141278;-141278;-141278;-141278;-141278;-141278;-141278;-141278;-141278;-141278;-141278;-141278;-141278;-141278;-141278;-141278;-141278;-141278;-141278;-141278;-141278;-141278;-141278;-141278;-141278;-141278;-141278;-141278
-112889;-136738;-140607;-141278;-141278;-141278;-141278;-141278;-141278;-141278;-141278;-141278;-141278;-141278;-141278;-141278;-141278;-141278;-141278;-141278;-141278;-141278;-141278;-141278;-141278;-141278;-141278;-141278;-141278;-141278;-141278;-141278;-141278;-141278;-141278;-141278;-141278;-141278;-141278;-141278;-141278;-141278;-141278;-141278;-141278;-141278;-141278;-141278;-141278;-141278