-89505;-117560;-126052;-129123;-129162;-129173;-129272;-130883;-130883;-130883;-130883;-130883;-130883;-130883;-130883;-130883;-130883;-130883;-130883;-130883;-130883;-130883;-130883;-130883;-130883;-130883;-130883;-130883;-130883;-130883;-130883;-130883;-130883;-130883;-130883;-130883;-130883;-130883;-130883;-130883;-130883;-130883;-130883;-130883;-130883;-130883;-130883;-130883;-130883;-130883
-105793;-123920;-129172;-130103;-130123;-130602;-130613;-130723;-130723;-130723;-130723;-130883;-130883;-130883;-130883;-130883;-130883;-130883;-130883;-130883;-130883;-130883;-130883;-130883;-130883;-130883;-130883;-130883;-130883;-130883;-130883;-130883;-130883;-130883;-130883;-130883;-130883;-130883;-130883;-130883;-130883;-130883;-130883;-130883;-130883;-130883;-130883;-130883;-130883;-130883
-109000;-114993;-127577;-128442;-130233;-130233;-130723;-130723;-130723;-130723;-130723;-130723;-130723;-130723;-130723;-130723;-130723;-130723;-130723;-130723;-130723;-130723;-130723;-130723;-130723;-130723;-130723;-130723;-130723;-130723;-130723;-130723;-130723;-130723;-130723;-130723;-130723;-130723;-130723;-130723;-130723;-130723;-130723;-130723;-130723;-130723;-130723;-130723;-130723;-130723
-86430;-122065;-123355;-124680;-124680;-125513;-128793;-129272;-130233;-130233;-130723;-130723;-130723;-130723;-130723;-130723;-130723;-130723;-130723;-130723;-130723;-130723;-130723;-130723;-130723;-130723;-130723;-130723;-130723;-130723;-130723;-130723;-130723;-130723;-130723;-130723;-130723;-130723;-130723;-130723;-130723;-130723;-130723;-130723;-130723;-130723;-130723;-130723;-130723;-130723
-95389;-115497;-128868;-129173;-129808;-130883;-130883;-130883;-130883;-130883;-130883;-130883;-130883;-130883;-130883;-130883;-130883;-130883;-130883;-130883;-130883;-130883;-130883;-130883;-130883;-130883;-130883;-130883;-130883;-130883;-130883;-130883;-130883;-130883;-130883;-130883;-130883;-130883;-130883;-130883;-130883;-130883;-130883;-130883;-130883;-130883;-130883;-130883;-130883;-130883
-116371;-120920;-123943;-129123;-130602;-130712;-130723;-130723;-130883;-130883;-130883;-130883;-130883;-130883;-130883;-130883;-130883;-130883;-130883;-130883;-130883;-130883;-130883;-130883;-130883;-130883;-130883;-130883;-130883;-130883;-130883;-130883;-130883;-130883;-130883;-130883;-130883;-130883;-130883;-130883;-130883;-130883;-130883;-130883;-130883;-130883;-130883;-130883;-130883;-130883
-86660;-122467;-127173;-129908;-129908;-130233;-130883;-130883;-130883;-130883;-130883;-130883;-130883;-130883;-130883;-130883;-130883;-130883;-130883;-130883;-130883;-130883;-130883;-130883;-130883;-130883;-130883;-130883;-130883;-130883;-130883;-130883;-130883;-130883;-130883;-130883;-130883;-130883;-130883;-130883;-130883;-130883;-130883;-130883;-130883;-130883;-130883;-130883;-130883;-130883
-102754;-125217;-128063;-129383;-129383;-129383;-129383;-129403;-129403;-129403;-129908;-130453;-130773;-130773;-130883;-130883;-130883;-130883;-130883;-130883;-130883;-130883;-130883;-130883;-130883;-130883;-130883;-130883;-130883;-130883;-130883;-130883;-130883;-130883;-130883;-130883;-130883;-130883;-130883;-130883;-130883;-130883;-130883;-130883;-130883;-130883;-130883;-130883;-130883;-130883
-109855;-123303;-128173;-130453;-130453;-130453;-130453;-130723;-130723;-130723;-130723;-130723;-130723;-130723;-130723;-130723;-130723;-130723;-130723;-130723;-130723;-130723;-130723;-130723;-130723;-130723;-130723;-130723;-130723;-130723;-130723;-130723;-130723;-130723;-130723;-130723;-130723;-130723;-130723;-130723;-130723;-130723;-130723;-130723;-130723;-130723;-130723;-130723;-130723;-130723
-86319;-118822;-124243;-128353;-129788;-129788;-129788;-130723;-130883;-130883;-130883;-130883;-130883;-130883;-130883;-130883;-130883;-130883;-130883;-130883;-130883;-130883;-130883;-130883;-130883;-130883;-130883;-130883;-130883;-130883;-130883;-130883;-130883;-130883;-130883;-130883;-130883;-130883;-130883;-130883;-130883;-130883;-130883;-130883;-130883;-130883;-130883;-130883;-130883;-130883
-93619;-129777;-129777;-129777;-130202;-130712;-130712;-130712;-130723;-130723;-130723;-130723;-130723;-130723;-130723;-130723;-130723;-130723;-130723;-130723;-130723;-130723;-130723;-130723;-130723;-130723;-130723;-130723;-130723;-130723;-130723;-130723;-130723;-130723;-130723;-130723;-130723;-130723;-130723;-130723;-130723;-130723;-130723;-130723;-130723;-130723;-130723;-130723;-130723;-130723
-100170;-125677;-129293;-129667;-129667;-130613;-130613;-130613;-130723;-130723;-130723;-130723;-130883;-130883;-130883;-130883;-130883;-130883;-130883;-130883;-130883;-130883;-130883;-130883;-130883;-130883;-130883;-130883;-130883;-130883;-130883;-130883;-130883;-130883;-130883;-130883;-130883;-130883;-130883;-130883;-130883;-130883;-130883;-130883;-130883;-130883;-130883;-130883;-130883;-130883
-115430;-119389;-121850;-123564;-123910;-126883;-126883;-128492;-130712;-130712;-130883;-130883;-130883;-130883;-130883;-130883;-130883;-130883;-130883;-130883;-130883;-130883;-130883;-130883;-130883;-130883;-130883;-130883;-130883;-130883;-130883;-130883;-130883;-130883;-130883;-130883;-130883;-130883;-130883;-130883;-130883;-130883;-130883;-130883;-130883;-130883;-130883;-130883;-130883;-130883
-90757;-126223;-129518;-129518;-129678;-129698;-129808;-129808;-130712;-130712;-130712;-130712;-130723;-130723;-130723;-130723;-130723;-130723;-130723;-130723;-130723;-130723;-130723;-130723;-130723;-130723;-130723;-130723;-130723;-130723;-130723;-130723;-130723;-130723;-130723;-130723;-130723;-130723;-130723;-130723;-130723;-130723;-130723;-130723;-130723;-130723;-130723;-130723;-130723;-130723
-92176;-123025;-125442;-126702;-128552;-130773;-130773;-130883;-130883;-130883;-130883;-130883;-130883;-130883;-130883;-130883;-130883;-130883;-130883;-130883;-130883;-130883;-130883;-130883;-130883;-130883;-130883;-130883;-130883;-130883;-130883;-130883;-130883;-130883;-130883;-130883;-130883;-130883;-130883;-130883;-130883;-130883;-130883;-130883;-130883;-130883;-130883;-130883;-130883;-130883
-102055;-119724;-128883;-128883;-128883;-129628;-130013;-130013;-130013;-130053;-130602;-130602;-130723;-130773;-130883;-130883;-130883;-130883;-130883;-130883;-130883;-130883;-130883;-130883;-130883;-130883;-130883;-130883;-130883;-130883;-130883;-130883;-130883;-130883;-130883;-130883;-130883;-130883;-130883;-130883;-130883;-130883;-130883;-130883;-130883;-130883;-130883;-130883;-130883;-130883
-89225;-116805;-127207;-127843;-130613;-130613;-130613;-130613;-130883;-130883;-130883;-130883;-130883;-130883;-130883;-130883;-130883;-130883;-130883;-130883;-130883;-130883;-130883;-130883;-130883;-130883;-130883;-130883;-130883;-130883;-130883;-130883;-130883;-130883;-130883;-130883;-130883;-130883;-130883;-130883;-130883;-130883;-130883;-130883;-130883;-130883;-130883;-130883;-130883;-130883
-104780;-123479;-129013;-129062;-130773;-130773;-130773;-130883;-130883;-130883;-130883;-130883;-130883;-130883;-130883;-130883;-130883;-130883;-130883;-130883;-130883;-130883;-130883;-130883;-130883;-130883;-130883;-130883;-130883;-130883;-130883;-130883;-130883;-130883;-130883;-130883;-130883;-130883;-130883;-130883;-130883;-130883;-130883;-130883;-130883;-130883;-130883;-130883;-130883;-130883
-99872;-118899;-125727;-129162;-130602;-130602;-130883;-130883;-130883;-130883;-130883;-130883;-130883;-130883;-130883;-130883;-130883;-130883;-130883;-130883;-130883;-130883;-130883;-130883;-130883;-130883;-130883;-130883;-130883;-130883;-130883;-130883;-130883;-130883;-130883;-130883;-130883;-130883;-130883;-130883;-130883;-130883;-130883;-130883;-130883;-130883;-130883;-130883;-130883;-130883
-93275;-122130;-123350;-123899;-123899;-123910;-127952;-129777;-130092;-130092;-130092;-130602;-130712;-130723;-130723;-130723;-130723;-130723;-130883;-130883;-130883;-130883;-130883;-130883;-130883;-130883;-130883;-130883;-130883;-130883;-130883;-130883;-130883;-130883;-130883;-130883;-130883;-130883;-130883;-130883;-130883;-130883;-130883;-130883;-130883;-130883;-130883;-130883;-130883;-130883
-91307;-119004;-122779;-128432;-130103;-130773;-130773;-130773;-130773;-130883;-130883;-130883;-130883;-130883;-130883;-130883;-130883;-130883;-130883;-130883;-130883;-130883;-130883;-130883;-130883;-130883;-130883;-130883;-130883;-130883;-130883;-130883;-130883;-130883;-130883;-130883;-130883;-130883;-130883;-130883;-130883;-130883;-130883;-130883;-130883;-130883;-130883;-130883;-130883;-130883
-95674;-124788;-129123;-129272;-129303;-130563;-130563;-130883;-130883;-130883;-130883;-130883;-130883;-130883;-130883;-130883;-130883;-130883;-130883;-130883;-130883;-130883;-130883;-130883;-130883;-130883;-130883;-130883;-130883;-130883;-130883;-130883;-130883;-130883;-130883;-130883;-130883;-130883;-130883;-130883;-130883;-130883;-130883;-130883;-130883;-130883;-130883;-130883;-130883;-130883
-92941;-124442;-126992;-128492;-129808;-129808;-130773;-130773;-130883;-130883;-130883;-130883;-130883;-130883;-130883;-130883;-130883;-130883;-130883;-130883;-130883;-130883;-130883;-130883;-130883;-130883;-130883;-130883;-130883;-130883;-130883;-130883;-130883;-130883;-130883;-130883;-130883;-130883;-130883;-130883;-130883;-130883;-130883;-130883;-130883;-130883;-130883;-130883;-130883;-130883
-84184;-121580;-122220;-123960;-127683;-127793;-128513;-129628;-129678;-130053;-130883;-130883;-130883;-130883;-130883;-130883;-130883;-130883;-130883;-130883;-130883;-130883;-130883;-130883;-130883;-130883;-130883;-130883;-130883;-130883;-130883;-130883;-130883;-130883;-130883;-130883;-130883;-130883;-130883;-130883;-130883;-130883;-130883;-130883;-130883;-130883;-130883;-130883;-130883;-130883
-103166;-121729;-126722;-127402;-127552;-129172;-129172;-129183;-129183;-129183;-129183;-129183;-129183;-129183;-129183;-129183;-129183;-129183;-129183;-129183;-129183;-130723;-130723;-130723;-130723;-130723;-130723;-130723;-130723;-130723;-130723;-130723;-130723;-130723;-130723;-130723;-130723;-130723;-130723;-130723;-130723;-130723;-130723;-130723;-130723;-130723;-130723;-130723;-130723;-130723
-90600;-127513;-128162;-130602;-130883;-130883;-130883;-130883;-130883;-130883;-130883;-130883;-130883;-130883;-130883;-130883;-130883;-130883;-130883;-130883;-130883;-130883;-130883;-130883;-130883;-130883;-130883;-130883;-130883;-130883;-130883;-130883;-130883;-130883;-130883;-130883;-130883;-130883;-130883;-130883;-130883;-130883;-130883;-130883;-130883;-130883;-130883;-130883;-130883;-130883
-101666;-120462;-122684;-123879;-129272;-129272;-129283;-130213;-130213;-130213;-130883;-130883;-130883;-130883;-130883;-130883;-130883;-130883;-130883;-130883;-130883;-130883;-130883;-130883;-130883;-130883;-130883;-130883;-130883;-130883;-130883;-130883;-130883;-130883;-130883;-130883;-130883;-130883;-130883;-130883;-130883;-130883;-130883;-130883;-130883;-130883;-130883;-130883;-130883;-130883
-102522;-118428;-123400;-129162;-129162;-130092;-130883;-130883;-130883;-130883;-130883;-130883;-130883;-130883;-130883;-130883;-130883;-130883;-130883;-130883;-130883;-130883;-130883;-130883;-130883;-130883;-130883;-130883;-130883;-130883;-130883;-130883;-130883;-130883;-130883;-130883;-130883;-130883;-130883;-130883;-130883;-130883;-130883;-130883;-130883;-130883;-130883;-130883;-130883;-130883
-114376;-123448;-128023;-130712;-130712;-130712;-130883;-130883;-130883;-130883;-130883;-130883;-130883;-130883;-130883;-130883;-130883;-130883;-130883;-130883;-130883;-130883;-130883;-130883;-130883;-130883;-130883;-130883;-130883;-130883;-130883;-130883;-130883;-130883;-130883;-130883;-130883;-130883;-130883;-130883;-130883;-130883;-130883;-130883;-130883;-130883;-130883;-130883;-130883;-130883
-105026;-122369;-127793;-128663;-130013;-130013;-130883;-130883;-130883;-130883;-130883;-130883;-130883;-130883;-130883;-130883;-130883;-130883;-130883;-130883;-130883;-130883;-130883;-130883;-130883;-130883;-130883;-130883;-130883;-130883;-130883;-130883;-130883;-130883;-130883;-130883;-130883;-130883;-130883;-130883;-130883;-130883;-130883;-130883;-130883;-130883;-130883;-130883;-130883;-130883