-47555;-89697;-91988;-94230;-95616;-95616;-98385;-98385;-98385;-98495;-98796;-98796;-98796;-98796;-98796;-98796;-98796;-98796;-98796;-98796;-98796;-98796;-98796;-98796;-98796;-98796;-98796;-98796;-98796;-98796;-98796;-98796;-98796;-98796;-98796;-98796;-98796;-98796;-98796;-98796;-98796;-98796;-98796;-98796;-98796;-98796;-98796;-98796;-98796;-98796
-41269;-90177;-93458;-93898;-94073;-94248;-94628;-94628;-94628;-94628;-94628;-94628;-94738;-94908;-95018;-95018;-95018;-95018;-95018;-95018;-95018;-95018;-95018;-95018;-95018;-95018;-95018;-95018;-95018;-95018;-95018;-95018;-95018;-95018;-95018;-95018;-95018;-95018;-95018;-95018;-95018;-95018;-95018;-95018;-95018;-95018;-95018;-95018;-95018;-95018
-55275;-91518;-94013;-94013;-94013;-94193;-94193;-94193;-94738;-94738;-94738;-94738;-94738;-94738;-94738;-94738;-94738;-94738;-94738;-94738;-94738;-95018;-95018;-95018;-95018;-95018;-95018;-95018;-95018;-95018;-95018;-95018;-95018;-95018;-95018;-95018;-95018;-95018;-95018;-95018;-95018;-95018;-95018;-95018;-95018;-95018;-95018;-95018;-95018;-95018
-57424;-87977;-93008;-94228;-98016;-98016;-98286;-98631;-98796;-98796;-98796;-98796;-98796;-98796;-98796;-98796;-98796;-98796;-98796;-98796;-98796;-98796;-98796;-98796;-98796;-98796;-98796;-98796;-98796;-98796;-98796;-98796;-98796;-98796;-98796;-98796;-98796;-98796;-98796;-98796;-98796;-98796;-98796;-98796;-98796;-98796;-98796;-98796;-98796;-98796
-32453;-87532;-94327;-94327;-94327;-94498;-94498;-94498;-94738;-94738;-94738;-94738;-94738;-94738;-94738;-94738;-94738;-94738;-94738;-94738;-94738;-94738;-94738;-94738;-94738;-94738;-94738;-94738;-94738;-94738;-94738;-94738;-94738;-94738;-94738;-94738;-94738;-94738;-94738;-94738;-94738;-94738;-94738;-94738;-94738;-94738;-94738;-94738;-94738;-94738
-41525;-92518;-98396;-98396;-98631;-98631;-98631;-98631;-98631;-98631;-98631;-98796;-98796;-98796;-98796;-98796;-98796;-98796;-98796;-98796;-98796;-98796;-98796;-98796;-98796;-98796;-98796;-98796;-98796;-98796;-98796;-98796;-98796;-98796;-98796;-98796;-98796;-98796;-98796;-98796;-98796;-98796;-98796;-98796;-98796;-98796;-98796;-98796;-98796;-98796
-58488;-86023;-91777;-93328;-93328;-93948;-93948;-93948;-94058;-94991;-94991;-96141;-96141;-98526;-98796;-98796;-98796;-98796;-98796;-98796;-98796;-98796;-98796;-98796;-98796;-98796;-98796;-98796;-98796;-98796;-98796;-98796;-98796;-98796;-98796;-98796;-98796;-98796;-98796;-98796;-98796;-98796;-98796;-98796;-98796;-98796;-98796;-98796;-98796;-98796
-53510;-88173;-89213;-98236;-98631;-98796;-98796;-98796;-98796;-98796;-98796;-98796;-98796;-98796;-98796;-98796;-98796;-98796;-98796;-98796;-98796;-98796;-98796;-98796;-98796;-98796;-98796;-98796;-98796;-98796;-98796;-98796;-98796;-98796;-98796;-98796;-98796;-98796;-98796;-98796;-98796;-98796;-98796;-98796;-98796;-98796;-98796;-98796;-98796;-98796
-62220;-89548;-93771;-95151;-98286;-98686;-98686;-98796;-98796;-98796;-98796;-98796;-98796;-98796;-98796;-98796;-98796;-98796;-98796;-98796;-98796;-98796;-98796;-98796;-98796;-98796;-98796;-98796;-98796;-98796;-98796;-98796;-98796;-98796;-98796;-98796;-98796;-98796;-98796;-98796;-98796;-98796;-98796;-98796;-98796;-98796;-98796;-98796;-98796;-98796
-74153;-90876;-94178;-94178;-95018;-95018;-95018;-95018;-95018;-95018;-95018;-95018;-95018;-95018;-95018;-95018;-95018;-95018;-95018;-95018;-95018;-95018;-95018;-95018;-95018;-95018;-95018;-95018;-95018;-95018;-95018;-95018;-95018;-95018;-95018;-95018;-95018;-95018;-95018;-95018;-95018;-95018;-95018;-95018;-95018;-95018;-95018;-95018;-95018;-95018
-62198;-89638;-95407;-95407;-95752;-95752;-95752;-95752;-95752;-95752;-95752;-95752;-95752;-95752;-95752;-95752;-95752;-95752;-95752;-95752;-95752;-95752;-95752;-95752;-95752;-95752;-95752;-95752;-95752;-95752;-95752;-95752;-95752;-95752;-95752;-95752;-95752;-95752;-95752;-95752;-95752;-95752;-95752;-95752;-95752;-95752;-95752;-95752;-95752;-95752
-64262;-94096;-94096;-98346;-98456;-98456;-98521;-98631;-98686;-98796;-98796;-98796;-98796;-98796;-98796;-98796;-98796;-98796;-98796;-98796;-98796;-98796;-98796;-98796;-98796;-98796;-98796;-98796;-98796;-98796;-98796;-98796;-98796;-98796;-98796;-98796;-98796;-98796;-98796;-98796;-98796;-98796;-98796;-98796;-98796;-98796;-98796;-98796;-98796;-98796
-79504;-91347;-92766;-94138;-94138;-94228;-94248;-94738;-95018;-95018;-95018;-95018;-95018;-95018;-95018;-95018;-95018;-95018;-95018;-95018;-95018;-95018;-95018;-95018;-95018;-95018;-95018;-95018;-95018;-95018;-95018;-95018;-95018;-95018;-95018;-95018;-95018;-95018;-95018;-95018;-95018;-95018;-95018;-95018;-95018;-95018;-95018;-95018;-95018;-95018
-58128;-91687;-93218;-94013;-94013;-94013;-94193;-94228;-94738;-94738;-94738;-94738;-94738;-94738;-94738;-94738;-94738;-94738;-94738;-94738;-94738;-94738;-94738;-94738;-94738;-94738;-94738;-94738;-94738;-94738;-94738;-94738;-94738;-94738;-94738;-94738;-94738;-94738;-94738;-94738;-94738;-94738;-94738;-94738;-94738;-94738;-94738;-94738;-94738;-94738
-54254;-95261;-98495;-98495;-98796;-98796;-98796;-98796;-98796;-98796;-98796;-98796;-98796;-98796;-98796;-98796;-98796;-98796;-98796;-98796;-98796;-98796;-98796;-98796;-98796;-98796;-98796;-98796;-98796;-98796;-98796;-98796;-98796;-98796;-98796;-98796;-98796;-98796;-98796;-98796;-98796;-98796;-98796;-98796;-98796;-98796;-98796;-98796;-98796;-98796
-23930;-91183;-92293;-94068;-98526;-98526;-98526;-98526;-98526;-98796;-98796;-98796;-98796;-98796;-98796;-98796;-98796;-98796;-98796;-98796;-98796;-98796;-98796;-98796;-98796;-98796;-98796;-98796;-98796;-98796;-98796;-98796;-98796;-98796;-98796;-98796;-98796;-98796;-98796;-98796;-98796;-98796;-98796;-98796;-98796;-98796;-98796;-98796;-98796;-98796
-71990;-85898;-92013;-92363;-94008;-94008;-94047;-94047;-94183;-94348;-94348;-94348;-94348;-94348;-94348;-94348;-94348;-94348;-94348;-94348;-94348;-94348;-94348;-94348;-94348;-94348;-94348;-94348;-94348;-94348;-94348;-94348;-94348;-94348;-94348;-94348;-94348;-94348;-94348;-94348;-94348;-94348;-94348;-94348;-94348;-94348;-94348;-94348;-94348;-94348
-57393;-92288;-93838;-93838;-94248;-94738;-94908;-94908;-94908;-94908;-94908;-94908;-95018;-95018;-95018;-95018;-95018;-95018;-95018;-95018;-95018;-95018;-95018;-95018;-95018;-95018;-95018;-95018;-95018;-95018;-95018;-95018;-95018;-95018;-95018;-95018;-95018;-95018;-95018;-95018;-95018;-95018;-95018;-95018;-95018;-95018;-95018;-95018;-95018;-95018
-41692;-93518;-94908;-95018;-95018;-95018;-95018;-95018;-95018;-95018;-95018;-95018;-95018;-95018;-95018;-95018;-95018;-95018;-95018;-95018;-95018;-95018;-95018;-95018;-95018;-95018;-95018;-95018;-95018;-95018;-95018;-95018;-95018;-95018;-95018;-95018;-95018;-95018;-95018;-95018;-95018;-95018;-95018;-95018;-95018;-95018;-95018;-95018;-95018;-95018
-58993;-90873;-94228;-98506;-98506;-98631;-98631;-98631;-98631;-98631;-98631;-98631;-98631;-98631;-98631;-98631;-98631;-98631;-98631;-98631;-98631;-98631;-98631;-98631;-98631;-98631;-98631;-98631;-98631;-98631;-98631;-98631;-98631;-98631;-98631;-98631;-98631;-98631;-98631;-98631;-98631;-98631;-98631;-98631;-98631;-98631;-98631;-98631;-98631;-98631
-61460;-91410;-92597;-93392;-94248;-94248;-94338;-94338;-94498;-94498;-94498;-94738;-94738;-94738;-94738;-94738;-94738;-94738;-94738;-94738;-94738;-94738;-94738;-94738;-94738;-94738;-94738;-94738;-94738;-94738;-94738;-94738;-94738;-94738;-94738;-94738;-94738;-94738;-94738;-94738;-94738;-94738;-94738;-94738;-94738;-94738;-94738;-94738;-94738;-94738
-37127;-90693;-91818;-94183;-94183;-95391;-95391;-95391;-95501;-95501;-98526;-98526;-98796;-98796;-98796;-98796;-98796;-98796;-98796;-98796;-98796;-98796;-98796;-98796;-98796;-98796;-98796;-98796;-98796;-98796;-98796;-98796;-98796;-98796;-98796;-98796;-98796;-98796;-98796;-98796;-98796;-98796;-98796;-98796;-98796;-98796;-98796;-98796;-98796;-98796
-57283;-87611;-92033;-93458;-95151;-95261;-95261;-98796;-98796;-98796;-98796;-98796;-98796;-98796;-98796;-98796;-98796;-98796;-98796;-98796;-98796;-98796;-98796;-98796;-98796;-98796;-98796;-98796;-98796;-98796;-98796;-98796;-98796;-98796;-98796;-98796;-98796;-98796;-98796;-98796;-98796;-98796;-98796;-98796;-98796;-98796;-98796;-98796;-98796;-98796
-49509;-90908;-92458;-95018;-95018;-95018;-95018;-95018;-95018;-95018;-95018;-95018;-95018;-95018;-95018;-95018;-95018;-95018;-95018;-95018;-95018;-95018;-95018;-95018;-95018;-95018;-95018;-95018;-95018;-95018;-95018;-95018;-95018;-95018;-95018;-95018;-95018;-95018;-95018;-95018;-95018;-95018;-95018;-95018;-95018;-95018;-95018;-95018;-95018;-95018
-75800;-88682;-92463;-94183;-94183;-94183;-94248;-94248;-94248;-94248;-94248;-94248;-94248;-94248;-94248;-94248;-94248;-94248;-94348;-94348;-94348;-94348;-94348;-94348;-94348;-94348;-94348;-94348;-94348;-94348;-94348;-94348;-94348;-94348;-94348;-94348;-94348;-94348;-94348;-94348;-94348;-94348;-94348;-94348;-94348;-94348;-94348;-94348;-94348;-94348
-50552;-88228;-92287;-93958;-94338;-94338;-94338;-94338;-94338;-94338;-94338;-94338;-98796;-98796;-98796;-98796;-98796;-98796;-98796;-98796;-98796;-98796;-98796;-98796;-98796;-98796;-98796;-98796;-98796;-98796;-98796;-98796;-98796;-98796;-98796;-98796;-98796;-98796;-98796;-98796;-98796;-98796;-98796;-98796;-98796;-98796;-98796;-98796;-98796;-98796
-47435;-91093;-93108;-93728;-94068;-94068;-94068;-94738;-94908;-94908;-94908;-94908;-94908;-95018;-95018;-95018;-95018;-95018;-95018;-95018;-95018;-95018;-95018;-95018;-95018;-95018;-95018;-95018;-95018;-95018;-95018;-95018;-95018;-95018;-95018;-95018;-95018;-95018;-95018;-95018;-95018;-95018;-95018;-95018;-95018;-95018;-95018;-95018;-95018;-95018
-49803;-92228;-93801;-94057;-94908;-95018;-95018;-95018;-95018;-95018;-95018;-95018;-95018;-95018;-95018;-95018;-95018;-95018;-95018;-95018;-95018;-95018;-95018;-95018;-95018;-95018;-95018;-95018;-95018;-95018;-95018;-95018;-95018;-95018;-95018;-95018;-95018;-95018;-95018;-95018;-95018;-95018;-95018;-95018;-95018;-95018;-95018;-95018;-95018;-95018
-54942;-93398;-93798;-94908;-94908;-95018;-95018;-95018;-95018;-95018;-95018;-95018;-95018;-95018;-95018;-95018;-95018;-95018;-95018;-95018;-95018;-95018;-95018;-95018;-95018;-95018;-95018;-95018;-95018;-95018;-95018;-95018;-95018;-95018;-95018;-95018;-95018;-95018;-95018;-95018;-95018;-95018;-95018;-95018;-95018;-95018;-95018;-95018;-95018;-95018
-80253;-87097;-91512;-93492;-93492;-94078;-94078;-94348;-94738;-94738;-94738;-94738;-95018;-95018;-95018;-95018;-95018;-95018;-95018;-95018;-95018;-95018;-95018;-95018;-95018;-95018;-95018;-95018;-95018;-95018;-95018;-95018;-95018;-95018;-95018;-95018;-95018;-95018;-95018;-95018;-95018;-95018;-95018;-95018;-95018;-95018;-95018;-95018;-95018;-95018