144099999999999999391517;25699999999999999686869;-233320;-271527;-364920;-364920;-387379;-429860;-431401;-469433;-471591;-471591;-490808;-490808;-500613;-506702;-506702;-530640;-540029;-540029;-540029;-540029;-566923;-566923;-566923;-571241;-585001;-585001;-585001;-585001;-595801;-595801;-595801;-595801;-602677;-602875;-609021;-609021;-610898;-613207;-614270;-615798;-618173;-618173;-618540;-618540;-618540;-618540;-618540;-618540;
115099999999999999673310;18299999999999999856545;-219150;-237253;-325973;-352336;-372040;-376921;-476934;-476934;-476934;-476934;-495575;-495575;-509252;-509252;-509252;-510268;-524518;-524518;-530702;-534817;-534817;-534817;-552644;-557789;-557789;-557789;-560655;-560655;-562819;-565296;-567329;-567329;-569969;-575901;-575901;-576013;-580267;-586288;-587028;-589138;-589953;-592513;-593253;-593253;-593253;-593253;-593253;-593253;
156799999999999999526753;11699999999999999736077;-235743;-274013;-369995;-404729;-404729;-404729;-443851;-443851;-465073;-473167;-473167;-490863;-507354;-507354;-507354;-527232;-527232;-534426;-534426;-542472;-542472;-542472;-542986;-549984;-553921;-553921;-576621;-576621;-590432;-590432;-590432;-590432;-590432;-596781;-596781;-602068;-607183;-609238;-609438;-613235;-613235;-614832;-617923;-617923;-618188;-618188;-618188;-618188;
137199999999999999592614;23999999999999999689405;-202502;-342152;-351501;-417965;-418666;-427005;-444261;-444261;-458220;-473340;-495573;-495573;-495573;-520727;-533949;-533949;-534962;-534962;-534962;-542964;-542964;-549539;-558218;-561816;-565690;-565690;-565690;-569477;-570975;-590203;-590203;-592100;-598575;-601911;-607021;-611500;-616000;-616540;-616540;-616660;-616660;-618568;-620060;-620060;-620060;-620060;-620060;-620060;
131399999999999999469613;14199999999999999828954;-398098;-398098;-398098;-449879;-449879;-449879;-449879;-461267;-481420;-481420;-481420;-504236;-504236;-519588;-519588;-522721;-522721;-522721;-524641;-536961;-539762;-539762;-562664;-562664;-562664;-570363;-586176;-586176;-586176;-594794;-594794;-598711;-605776;-605776;-605776;-606013;-608085;-611595;-614463;-614463;-615958;-616403;-617868;-618323;-618908;-618908;-618908;-618908;
127399999999999999637527;14499999999999999769976;-364006;-364006;-410590;-410590;-434192;-434192;-481035;-481035;-481035;-481035;-481035;-481035;-507944;-507944;-507944;-520459;-520459;-520459;-522136;-544651;-550184;-550184;-559095;-559115;-566840;-570262;-570262;-572661;-578329;-591810;-592499;-592892;-594440;-606537;-606537;-606537;-608897;-615457;-615457;-617527;-618852;-618852;-618852;-618852;-618852;-618852;-618852;-618852;
100399999999999999654525;14099999999999999744262;3799999999999999775176;-264230;-374049;-374049;-392368;-413525;-453690;-453690;-453690;-512047;-520879;-520879;-520879;-520879;-520879;-520879;-539762;-539762;-539762;-539762;-539762;-552752;-552752;-552752;-552752;-557969;-558217;-561444;-561811;-566887;-570337;-572759;-572759;-579657;-579657;-581313;-582222;-582222;-585690;-589853;-589853;-589853;-589853;-589853;-589853;-589853;-589853;-589853;
84099999999999999701807;23399999999999999735597;-185706;-326377;-354798;-375860;-375860;-421339;-421339;-459987;-459987;-460742;-479742;-481657;-499845;-527411;-527411;-535662;-535662;-535662;-535662;-535662;-535749;-549180;-549180;-559529;-569481;-573748;-583970;-586829;-597063;-600618;-601378;-601378;-601378;-603683;-606366;-609805;-611093;-611461;-612468;-619766;-619766;-619766;-619766;-619766;-619766;-619766;-619766;-619766;
113599999999999999534471;14799999999999999832850;-258373;-314156;-340767;-376536;-422654;-431377;-449395;-449395;-449395;-449395;-465804;-477179;-480594;-485101;-497545;-512260;-513543;-516447;-542092;-542092;-542092;-542092;-542092;-546687;-550683;-552467;-574856;-574856;-577990;-586865;-590239;-596036;-596036;-596461;-603307;-606042;-610073;-612221;-613376;-613923;-614946;-617276;-617276;-619101;-619101;-619101;-619101;-619766;
134999999999999999620847;10299999999999999843087;-236278;-284911;-360315;-361733;-374063;-385491;-420867;-480632;-480632;-480632;-480632;-480632;-480632;-534685;-534685;-534685;-534685;-534685;-534685;-534685;-534685;-561138;-561788;-561788;-571872;-574400;-581242;-590564;-590564;-591007;-593275;-593275;-597120;-608074;-610752;-610752;-612455;-615084;-616239;-619159;-621209;-622184;-622184;-622184;-622184;-622184;-622184;-622334;
139499999999999999565825;7199999999999999730068;-380747;-380747;-380747;-380747;-386296;-453766;-459411;-459411;-459411;-463560;-464135;-471291;-493130;-505578;-526952;-526952;-526952;-549788;-549788;-549788;-556880;-558630;-562584;-562916;-565707;-572828;-578950;-586812;-586812;-599668;-599668;-602095;-603508;-603508;-605558;-605558;-609523;-614771;-614771;-617501;-617501;-619766;-619766;-619766;-619766;-619766;-619766;-619766;
136199999999999999445411;17799999999999999801075;-141531;-280356;-358489;-411670;-411670;-442343;-452404;-464965;-479525;-479525;-498878;-523965;-523965;-523965;-523965;-523965;-538843;-538843;-538843;-549973;-549973;-549973;-552828;-555902;-561784;-580615;-589077;-589077;-592100;-599892;-601122;-601707;-602407;-605698;-606185;-610835;-610835;-614027;-614027;-614368;-615883;-618355;-618670;-620060;-620060;-620060;-620060;-620060;
113899999999999999690207;13899999999999999752247;-286324;-349750;-436066;-436066;-436066;-436066;-436066;-436461;-453478;-493718;-493718;-493718;-493718;-493718;-502095;-502987;-512821;-536359;-536359;-536359;-540027;-540027;-540027;-540027;-542236;-575328;-575328;-575328;-581006;-581006;-585791;-598105;-598105;-598105;-606125;-606125;-610105;-611518;-619018;-619018;-619018;-619101;-619101;-619101;-619766;-619766;-619766;-619766;
147799999999999999458991;17399999999999999789853;-127680;-313160;-341483;-381051;-404160;-423594;-452049;-474852;-474852;-489250;-489250;-489250;-500730;-500730;-503548;-541460;-541460;-541460;-541460;-551161;-554843;-554843;-566738;-566738;-580164;-580164;-580164;-580164;-580164;-585607;-587907;-594725;-598112;-606128;-606128;-608755;-609205;-612218;-613440;-613440;-617110;-618443;-618443;-618715;-619678;-619678;-620060;-620060;
140199999999999999507144;22199999999999999797290;-178456;-371956;-378176;-390369;-396023;-423694;-426204;-454590;-454590;-493679;-493679;-507534;-517578;-517578;-517578;-543777;-544222;-544222;-545155;-545155;-549034;-574912;-574912;-577344;-577344;-584945;-586757;-586757;-600189;-600189;-602485;-602485;-605382;-605382;-610843;-611508;-611508;-614644;-614644;-614969;-618935;-618935;-620060;-620060;-620060;-620060;-620060;-620060;
173899999999999999465555;6099999999999999704087;-294805;-353125;-353125;-383324;-427062;-446373;-455135;-455135;-473613;-473613;-481105;-492058;-499283;-521914;-521914;-530435;-530435;-545676;-545676;-545676;-545676;-545676;-545676;-549320;-561708;-562122;-565850;-573084;-584684;-584684;-592232;-592232;-593684;-599992;-599992;-602960;-606685;-606685;-609030;-613678;-613678;-614858;-615667;-615667;-615667;-616414;-616414;-616414;
138299999999999999505370;7399999999999999689439;-272506;-339353;-358182;-405401;-421122;-476134;-476134;-476134;-478509;-479941;-479941;-491104;-498094;-499486;-499820;-499820;-513096;-522397;-522397;-522397;-524229;-531632;-553130;-553130;-553130;-557521;-558678;-564217;-565875;-573186;-596194;-596194;-596194;-599053;-602301;-607841;-607841;-610993;-613561;-614613;-617073;-617276;-619101;-619766;-619766;-619766;-619766;-619766;
98899999999999999587681;17799999999999999725846;-222313;-260714;-334024;-352788;-407389;-407389;-436569;-455860;-466239;-479799;-479799;-479799;-498591;-498591;-511585;-511585;-513323;-528516;-528516;-552324;-552324;-552324;-552324;-552324;-552324;-554789;-558290;-563387;-578340;-581187;-581187;-587511;-587511;-591463;-593555;-598514;-599151;-611932;-611932;-611932;-612790;-612790;-614662;-616262;-617734;-617734;-617734;-617734;
136699999999999999643325;28999999999999999540180;1299999999999999688732;-342916;-342916;-378063;-401387;-401387;-414772;-445054;-454924;-455918;-471908;-484680;-507321;-522560;-523655;-523655;-550437;-550437;-550437;-550437;-550437;-551540;-564250;-564250;-564250;-567698;-572367;-574272;-579908;-597161;-597161;-598090;-606657;-606657;-606657;-613637;-613637;-614772;-615555;-620060;-620060;-620060;-620060;-620060;-620060;-620060;-620060;-620060;
120199999999999999527911;15199999999999999545845;899999999999999690049;-250301;-376721;-376721;-426563;-426563;-426563;-434715;-444519;-447166;-491354;-491354;-497046;-511968;-511968;-511968;-511968;-519710;-519710;-527370;-542030;-542030;-553639;-554141;-554901;-576241;-576241;-576241;-577593;-586639;-588842;-591552;-594702;-597004;-601696;-604364;-604939;-607455;-609944;-612234;-612234;-617272;-617272;-617272;-617272;-617272;-617272;-617272;
55599999999999999666119;6199999999999999820204;-244720;-382648;-382648;-405113;-405113;-416144;-436518;-463711;-463711;-480646;-496274;-501949;-529616;-529616;-529616;-529616;-529616;-545756;-545756;-545756;-545756;-576789;-604294;-604294;-604294;-604294;-604294;-604294;-608629;-608629;-608629;-608629;-608629;-608629;-608629;-613677;-613677;-618934;-619589;-621234;-621234;-621234;-622637;-622637;-622637;-622637;-622637;-622637;
146499999999999999532689;16199999999999999837502;-234442;-265520;-385723;-385723;-385723;-433305;-433305;-447135;-447135;-467875;-479352;-479352;-479352;-482587;-482709;-495827;-508900;-508900;-511232;-513748;-541328;-541328;-551283;-551283;-555953;-563937;-579576;-579576;-581065;-581065;-596006;-596006;-596006;-598116;-603714;-603714;-610726;-610889;-613761;-618261;-618526;-619036;-619036;-619036;-620821;-621086;-621086;-621086;
131199999999999999627924;5599999999999999776313;-280216;-371852;-396877;-396877;-439351;-439351;-439351;-464867;-464867;-502518;-502518;-504610;-504610;-530165;-530165;-530165;-531294;-534028;-551005;-551005;-551005;-552945;-563826;-563826;-582474;-584849;-584849;-588249;-588249;-595143;-603628;-603628;-603628;-603628;-606147;-607636;-613826;-615261;-617401;-618526;-618526;-619766;-619766;-619766;-619766;-619766;-619766;-619766;
132999999999999999698496;19599999999999999821392;199999999999999791360;-266964;-304530;-350562;-365561;-394162;-468363;-468363;-468363;-468363;-468363;-478897;-510463;-510463;-523413;-523413;-531964;-531964;-550959;-551139;-560899;-560899;-560899;-566100;-566100;-572097;-593586;-593586;-593586;-593586;-594485;-599986;-605219;-605219;-605219;-607687;-609692;-610232;-615446;-615446;-615446;-617443;-618561;-618561;-618561;-618561;-618561;-619696;
140799999999999999483986;12399999999999999772701;-280161;-325894;-345079;-367720;-426095;-426095;-446710;-447016;-447016;-473909;-477393;-500165;-511803;-514788;-553947;-553947;-553947;-553947;-553947;-553947;-553947;-562419;-562419;-582917;-582917;-585664;-599822;-599822;-599822;-599822;-599822;-599822;-603968;-603968;-603968;-607493;-607965;-610778;-611843;-617393;-617393;-617393;-617393;-617393;-617393;-617393;-617393;-617393;
143599999999999999666785;12799999999999999780249;-337762;-337762;-425740;-425740;-441780;-441780;-504040;-504040;-506297;-506297;-506297;-513575;-513575;-534136;-534136;-534136;-534136;-534136;-534136;-534136;-537011;-544711;-552983;-557877;-557877;-562400;-563154;-572362;-591154;-591154;-591154;-597093;-598191;-606466;-606466;-608151;-609574;-615473;-615473;-617071;-618323;-618323;-618540;-619568;-620060;-620060;-620060;-620060;
119299999999999999674597;9799999999999999694266;-309214;-389689;-389689;-395297;-442128;-442128;-442128;-464537;-464537;-470683;-482756;-490066;-492953;-510934;-510934;-517467;-540136;-540136;-540136;-540136;-555961;-573169;-573169;-573415;-573415;-573843;-576792;-576792;-586296;-586719;-593020;-593020;-594400;-602472;-607075;-607075;-611310;-612125;-612690;-613210;-614174;-615215;-617108;-617923;-617923;-617923;-617923;-617923;
120399999999999999556153;16899999999999999709248;-390531;-390531;-414047;-414047;-432197;-476834;-476834;-476834;-493855;-493855;-494823;-512558;-512558;-512558;-516799;-522855;-533400;-559277;-559277;-559277;-559277;-559277;-564651;-566845;-566845;-577086;-577086;-585695;-585695;-593835;-593835;-593835;-601786;-601786;-604143;-610740;-614197;-617087;-617087;-620577;-620577;-621437;-621437;-621437;-621437;-621437;-621437;-621437;
144899999999999999528065;27699999999999999666508;-185131;-242020;-309409;-334096;-348064;-371290;-385989;-455529;-455529;-475347;-475347;-492281;-492281;-492281;-508639;-508639;-508639;-529826;-529826;-529826;-530583;-530583;-556532;-556532;-559630;-559630;-566596;-567455;-577154;-578081;-581648;-593783;-596683;-600090;-600090;-603023;-606358;-609027;-610465;-611300;-614430;-616030;-616610;-617258;-617258;-617258;-617258;-617258;
167699999999999999446712;22899999999999999679126;-238275;-381664;-381664;-381664;-394657;-394657;-422348;-444155;-471065;-473835;-473835;-495376;-495376;-526285;-526285;-526285;-556125;-556125;-556125;-558487;-561505;-565655;-585673;-585673;-589873;-589873;-589873;-589873;-592908;-598011;-598011;-598011;-610046;-610046;-610046;-610046;-611605;-616682;-619868;-620587;-620587;-620587;-620587;-620869;-623137;-623137;-623137;-623137;
