-148;-1122;-1122;-1122;-1122;-1122;-1122;-1122;-1122;-1122;-1122;-1122;-1122;-1122;-1122;-1122;-1122;-1122;-1122;-1122;-1122;-1122;-1122;-1122;-1122;-1122;-1122;-1122;-1122;-1122;-1122;-1122;-1122;-1122;-1122;-1122;-1122;-1122;-1122;-1122;-1122;-1122;-1122;-1122;-1122;-1122;-1122;-1122;-1122;-1122
-2961;-3827;-4392;-4459;-4459;-4459;-4459;-4599;-4599;-4599;-4599;-4612;-4612;-4612;-4612;-4646;-4646;-4646;-4646;-4646;-4646;-4646;-4646;-4646;-4646;-4646;-4646;-4646;-4646;-4646;-4646;-4646;-4646;-4646;-4646;-4646;-4646;-4646;-4646;-4646;-4646;-4646;-4646;-4646;-4646;-4646;-4646;-4646;-4646;-4646
-2846;-3746;-4481;-4481;-4560;-4613;-4613;-4613;-4646;-4646;-4646;-4673;-4673;-4673;-4673;-4673;-4673;-4679;-4679;-4679;-4679;-4679;-4679;-4679;-4679;-4679;-4679;-4679;-4679;-4679;-4679;-4679;-4679;-4679;-4679;-4679;-4679;-4679;-4679;-4679;-4679;-4679;-4679;-4679;-4679;-4679;-4679;-4679;-4679;-4679
-599;-837;-837;-837;-837;-837;-837;-837;-837;-837;-837;-837;-837;-837;-837;-837;-837;-837;-837;-837;-837;-837;-837;-837;-837;-837;-837;-837;-837;-837;-837;-837;-837;-837;-837;-837;-837;-837;-837;-837;-837;-837;-837;-837;-837;-837;-837;-837;-837;-837
-2728;-2849;-3772;-3875;-3905;-3905;-3905;-3906;-3957;-3957;-3957;-3957;-3957;-3957;-3957;-3957;-3957;-3957;-3957;-3957;-3957;-3957;-3957;-3957;-3957;-3957;-3957;-3957;-3957;-3957;-3957;-3957;-3957;-3957;-3957;-3957;-3957;-3957;-3957;-3957;-3957;-3957;-3957;-3957;-3957;-3957;-3957;-3957;-3957;-3957
-3289;-3911;-4049;-4570;-4711;-4738;-4738;-4757;-4757;-4757;-4784;-4784;-4784;-4784;-4787;-4787;-4791;-4791;-4791;-4791;-4791;-4791;-4791;-4791;-4791;-4791;-4791;-4791;-4791;-4791;-4791;-4791;-4791;-4791;-4791;-4791;-4791;-4791;-4791;-4791;-4791;-4791;-4791;-4791;-4791;-4791;-4791;-4791;-4791;-4791
-3206;-4556;-4944;-4989;-5006;-5011;-5011;-5067;-5080;-5080;-5089;-5105;-5107;-5107;-5107;-5107;-5107;-5118;-5118;-5118;-5118;-5118;-5118;-5118;-5118;-5118;-5118;-5118;-5118;-5118;-5118;-5118;-5118;-5118;-5118;-5118;-5118;-5118;-5120;-5120;-5120;-5120;-5120;-5120;-5120;-5120;-5120;-5120;-5120;-5120
-1782;-2943;-3112;-3153;-3181;-3181;-3189;-3189;-3197;-3197;-3197;-3197;-3197;-3238;-3238;-3238;-3238;-3238;-3238;-3238;-3238;-3238;-3238;-3238;-3238;-3244;-3244;-3244;-3244;-3244;-3244;-3244;-3244;-3244;-3244;-3244;-3244;-3244;-3244;-3244;-3244;-3244;-3244;-3244;-3244;-3244;-3244;-3244;-3244;-3244
-3480;-4127;-4372;-4633;-4633;-4651;-4687;-4687;-4687;-4707;-4707;-4707;-4707;-4707;-4707;-4707;-4707;-4707;-4707;-4707;-4707;-4708;-4708;-4708;-4708;-4746;-4746;-4746;-4746;-4746;-4746;-4746;-4746;-4746;-4746;-4746;-4746;-4746;-4746;-4746;-4746;-4746;-4746;-4746;-4746;-4746;-4746;-4746;-4746;-4746
-4549;-5427;-5720;-6144;-6183;-6183;-6183;-6366;-6366;-6366;-6440;-6440;-6440;-6440;-6453;-6490;-6490;-6490;-6490;-6490;-6490;-6490;-6490;-6490;-6490;-6490;-6490;-6490;-6490;-6490;-6490;-6490;-6490;-6490;-6490;-6490;-6490;-6490;-6490;-6490;-6490;-6490;-6490;-6490;-6490;-6490;-6490;-6533;-6533;-6533
-3817;-4610;-4848;-5045;-5170;-5213;-5213;-5344;-5411;-5411;-5411;-5504;-5504;-5504;-5504;-5504;-5504;-5504;-5514;-5514;-5514;-5514;-5514;-5514;-5514;-5514;-5514;-5514;-5514;-5514;-5514;-5514;-5514;-5514;-5514;-5514;-5514;-5514;-5514;-5514;-5514;-5514;-5514;-5514;-5514;-5514;-5514;-5544;-5544;-5544
-1889;-2717;-3026;-3026;-3102;-3105;-3105;-3105;-3108;-3108;-3108;-3108;-3108;-3108;-3108;-3108;-3108;-3108;-3108;-3108;-3108;-3108;-3108;-3108;-3108;-3108;-3108;-3108;-3108;-3108;-3108;-3108;-3108;-3108;-3108;-3108;-3108;-3108;-3108;-3108;-3108;-3108;-3108;-3108;-3108;-3108;-3108;-3108;-3108;-3108
-1680;-3039;-3175;-3203;-3248;-3252;-3252;-3252;-3298;-3298;-3298;-3298;-3298;-3303;-3303;-3303;-3303;-3303;-3303;-3303;-3303;-3303;-3303;-3303;-3303;-3303;-3303;-3303;-3303;-3303;-3303;-3303;-3303;-3303;-3303;-3303;-3303;-3303;-3303;-3303;-3303;-3303;-3303;-3303;-3303;-3303;-3303;-3303;-3303;-3303
-2242;-3067;-3233;-3263;-3310;-3310;-3310;-3310;-3312;-3312;-3312;-3312;-3312;-3312;-3312;-3312;-3312;-3312;-3312;-3312;-3312;-3312;-3312;-3312;-3312;-3312;-3312;-3312;-3312;-3312;-3312;-3312;-3312;-3312;-3312;-3312;-3312;-3312;-3312;-3312;-3312;-3312;-3312;-3312;-3312;-3312;-3312;-3312;-3312;-3312
-1175;-1507;-1540;-1605;-1605;-1605;-1605;-1605;-1605;-1605;-1605;-1605;-1605;-1605;-1605;-1605;-1605;-1605;-1605;-1605;-1605;-1605;-1605;-1605;-1605;-1605;-1605;-1605;-1605;-1605;-1605;-1605;-1605;-1605;-1605;-1605;-1605;-1605;-1605;-1605;-1605;-1605;-1605;-1605;-1605;-1605;-1605;-1605;-1605;-1605
-2579;-4266;-4693;-4830;-4855;-4855;-4855;-4957;-4957;-4957;-4975;-4975;-4975;-4975;-4975;-4975;-5012;-5012;-5012;-5012;-5012;-5012;-5012;-5012;-5012;-5012;-5012;-5012;-5012;-5037;-5037;-5037;-5037;-5037;-5037;-5037;-5037;-5037;-5037;-5037;-5037;-5037;-5037;-5037;-5037;-5037;-5037;-5037;-5037;-5037
-3828;-4809;-4958;-5040;-5508;-5604;-5741;-5741;-5765;-5765;-5765;-5765;-5765;-5769;-5769;-5769;-5769;-5769;-5769;-5769;-5769;-5769;-5769;-5769;-5769;-5769;-5769;-5769;-5769;-5769;-5769;-5769;-5769;-5769;-5769;-5769;-5769;-5769;-5769;-5769;-5769;-5769;-5769;-5769;-5769;-5769;-5769;-5769;-5769;-5769
-2972;-3330;-3786;-4064;-4073;-4102;-4114;-4129;-4135;-4135;-4135;-4135;-4135;-4135;-4135;-4135;-4147;-4147;-4147;-4147;-4147;-4147;-4147;-4147;-4147;-4147;-4160;-4160;-4160;-4160;-4160;-4160;-4160;-4160;-4160;-4160;-4160;-4160;-4160;-4160;-4160;-4160;-4160;-4160;-4160;-4160;-4160;-4160;-4160;-4160
-3721;-4723;-5391;-5410;-5799;-5805;-5856;-5859;-5859;-5873;-5873;-5873;-5873;-5873;-5873;-5873;-5873;-5873;-5873;-5873;-5873;-5873;-5873;-5873;-5918;-5918;-5918;-5918;-5918;-5918;-5918;-5918;-5918;-5918;-5918;-5918;-5918;-5918;-5918;-5918;-5918;-5918;-5918;-5918;-5918;-5918;-5918;-5918;-5918;-5918
-1540;-2467;-2514;-2514;-2514;-2597;-2597;-2597;-2597;-2597;-2597;-2597;-2597;-2597;-2597;-2597;-2597;-2597;-2597;-2597;-2597;-2597;-2597;-2597;-2597;-2597;-2597;-2597;-2597;-2597;-2597;-2597;-2597;-2597;-2597;-2597;-2597;-2597;-2597;-2597;-2597;-2597;-2597;-2597;-2597;-2597;-2597;-2597;-2597;-2597
-2351;-3314;-3320;-3365;-3365;-3365;-3371;-3371;-3371;-3371;-3371;-3371;-3371;-3371;-3371;-3371;-3371;-3371;-3371;-3371;-3371;-3371;-3371;-3371;-3371;-3371;-3371;-3371;-3371;-3371;-3371;-3371;-3371;-3371;-3371;-3371;-3371;-3371;-3371;-3371;-3371;-3371;-3371;-3371;-3371;-3371;-3371;-3371;-3371;-3371
-2668;-3610;-3698;-4263;-4352;-4352;-4352;-4414;-4414;-4414;-4414;-4441;-4441;-4441;-4441;-4441;-4441;-4441;-4441;-4441;-4452;-4452;-4452;-4452;-4452;-4452;-4452;-4452;-4452;-4452;-4452;-4452;-4452;-4452;-4452;-4452;-4455;-4455;-4455;-4455;-4455;-4455;-4455;-4455;-4455;-4455;-4455;-4455;-4455;-4455
-3449;-5803;-5803;-6060;-6332;-6424;-6424;-6424;-6448;-6448;-6498;-6498;-6498;-6523;-6539;-6539;-6539;-6539;-6539;-6539;-6539;-6539;-6539;-6539;-6539;-6539;-6539;-6539;-6539;-6539;-6539;-6539;-6539;-6539;-6539;-6539;-6539;-6539;-6539;-6539;-6539;-6539;-6539;-6539;-6539;-6539;-6539;-6539;-6539;-6539
-1085;-1706;-1869;-2084;-2084;-2111;-2124;-2124;-2152;-2174;-2174;-2174;-2174;-2174;-2206;-2212;-2212;-2212;-2212;-2212;-2212;-2212;-2212;-2212;-2212;-2212;-2240;-2240;-2240;-2240;-2240;-2240;-2240;-2240;-2240;-2240;-2240;-2240;-2240;-2240;-2240;-2240;-2240;-2240;-2240;-2240;-2240;-2240;-2240;-2240
-974;-1906;-1906;-1906;-1906;-1906;-1906;-1906;-1906;-1906;-1906;-1906;-1906;-1906;-1906;-1906;-1906;-1906;-1906;-1906;-1906;-1906;-1906;-1906;-1906;-1906;-1906;-1906;-1906;-1906;-1906;-1906;-1906;-1906;-1906;-1906;-1906;-1906;-1906;-1906;-1906;-1906;-1906;-1906;-1906;-1906;-1906;-1906;-1906;-1906
-3589;-4335;-4553;-4564;-4628;-4631;-4671;-4698;-4726;-4740;-4740;-4752;-4767;-4767;-4767;-4767;-4767;-4767;-4767;-4767;-4767;-4767;-4767;-4767;-4767;-4767;-4767;-4767;-4767;-4767;-4767;-4767;-4767;-4767;-4767;-4767;-4767;-4767;-4767;-4767;-4767;-4767;-4767;-4767;-4767;-4792;-4792;-4792;-4792;-4792
-4105;-5123;-5123;-5831;-5831;-6063;-6127;-6128;-6128;-6132;-6239;-6239;-6239;-6291;-6291;-6291;-6304;-6304;-6304;-6304;-6304;-6304;-6304;-6304;-6304;-6304;-6304;-6304;-6304;-6304;-6304;-6304;-6304;-6304;-6304;-6304;-6304;-6304;-6304;-6304;-6304;-6304;-6304;-6304;-6304;-6304;-6304;-6304;-6304;-6304
-2006;-2951;-3088;-3103;-3103;-3154;-3154;-3159;-3159;-3159;-3159;-3159;-3159;-3159;-3161;-3161;-3161;-3161;-3161;-3161;-3161;-3161;-3161;-3161;-3161;-3161;-3161;-3161;-3161;-3161;-3161;-3161;-3161;-3161;-3161;-3161;-3161;-3161;-3161;-3161;-3161;-3161;-3161;-3161;-3161;-3161;-3161;-3161;-3161;-3161
-1041;-1092;-1153;-1159;-1159;-1159;-1159;-1159;-1159;-1159;-1159;-1159;-1159;-1159;-1159;-1159;-1159;-1159;-1159;-1159;-1159;-1159;-1159;-1159;-1159;-1159;-1159;-1159;-1159;-1159;-1159;-1159;-1159;-1159;-1159;-1159;-1159;-1159;-1159;-1159;-1159;-1159;-1159;-1159;-1159;-1159;-1159;-1159;-1159;-1159
-2757;-3078;-3827;-3827;-4585;-4602;-4602;-4619;-4619;-4627;-4627;-4635;-4683;-4706;-4706;-4706;-4706;-4726;-4726;-4726;-4726;-4726;-4726;-4726;-4726;-4726;-4726;-4726;-4726;-4726;-4726;-4726;-4726;-4726;-4726;-4726;-4726;-4726;-4726;-4726;-4726;-4726;-4726;-4726;-4726;-4726;-4726;-4726;-4726;-4726