-55291;-67921;-70056;-70316;-70806;-70806;-70806;-70806;-70806;-70806;-70806;-70806;-70806;-70806;-70806;-70806;-70806;-70806;-70806;-70806;-70806;-70806;-70806;-70806;-70806;-70806;-70806;-70806;-70806;-70806;-70806;-70806;-70806;-70806;-70806;-70806;-70806;-70806;-70806;-70806;-70806;-70806;-70806;-70806;-70806;-70806;-70806;-70806;-70806;-70806;
-54828;-59765;-64125;-64125;-64591;-64591;-64591;-64591;-64740;-64740;-65070;-65070;-65070;-65070;-65070;-65070;-65070;-65070;-65070;-65070;-65070;-65070;-65070;-65070;-65070;-65070;-65070;-65070;-65070;-65070;-65070;-65070;-65070;-65070;-65070;-65070;-65070;-65070;-65070;-65070;-65070;-65070;-65070;-65070;-65070;-65070;-65070;-65070;-65070;-65070;
0;-11880;-11880;-11880;-11880;-11880;-11880;-11880;-11880;-11880;-11880;-11880;-11880;-11880;-11880;-11880;-11880;-11880;-11880;-11880;-11880;-11880;-11880;-11880;-11880;-11880;-11880;-11880;-11880;-11880;-11880;-11880;-11880;-11880;-11880;-11880;-11880;-11880;-11880;-11880;-11880;-11880;-11880;-11880;-11880;-11880;-11880;-11880;-11880;-11880;
-52049;-75585;-82619;-84899;-88344;-89449;-89449;-89585;-89585;-89585;-89585;-89585;-89585;-89585;-89585;-89585;-89585;-89585;-89585;-89585;-89585;-89585;-89585;-89585;-89585;-89585;-89585;-89585;-89585;-89585;-89585;-89585;-89585;-89585;-89585;-89585;-89585;-89585;-89585;-89585;-89585;-89585;-89585;-89585;-89585;-89585;-89585;-89585;-89585;-89585;
-54463;-79347;-91095;-91095;-92485;-92485;-92605;-93045;-93045;-93045;-93045;-93045;-93045;-93045;-93045;-93045;-93045;-93045;-93045;-93045;-93045;-93045;-93045;-93045;-93045;-93045;-93045;-93045;-93045;-93045;-93045;-93045;-93045;-93045;-93045;-93045;-93045;-93045;-93045;-93045;-93045;-93045;-93045;-93045;-93045;-93045;-93045;-93045;-93045;-93045;
-70985;-80908;-82678;-84068;-85297;-85297;-85378;-85737;-85737;-85737;-85737;-85737;-85737;-85737;-85737;-85737;-85737;-85737;-85737;-85737;-85737;-85737;-85737;-85737;-85737;-85737;-85737;-85737;-85737;-85737;-85737;-85737;-85737;-85737;-85857;-85857;-85857;-85857;-85857;-85857;-85857;-85857;-85857;-85857;-85857;-85857;-85857;-85857;-85857;-85857;
-27482;-43880;-43880;-43880;-43880;-43880;-43880;-43880;-43880;-43880;-43880;-43880;-43880;-43880;-43880;-43880;-43880;-43880;-43880;-43880;-43880;-43880;-43880;-43880;-43880;-43880;-43880;-43880;-43880;-43880;-43880;-43880;-43880;-43880;-43880;-43880;-43880;-43880;-43880;-43880;-43880;-43880;-43880;-43880;-43880;-43880;-43880;-43880;-43880;-43880;
-32698;-36100;-37248;-37998;-37998;-37998;-37998;-37998;-37998;-37998;-37998;-37998;-37998;-37998;-37998;-37998;-37998;-37998;-37998;-37998;-37998;-37998;-37998;-37998;-37998;-37998;-37998;-37998;-37998;-37998;-37998;-37998;-37998;-37998;-37998;-37998;-37998;-37998;-37998;-37998;-37998;-37998;-37998;-37998;-37998;-37998;-37998;-37998;-37998;-37998;
-36138;-40438;-45398;-46335;-47045;-47535;-47535;-47535;-47535;-47535;-47535;-47795;-47795;-47795;-47795;-47795;-47806;-47806;-47806;-47806;-47806;-47806;-47806;-47806;-47806;-47806;-48285;-48285;-48285;-48285;-48285;-48285;-48285;-48285;-48285;-48285;-48285;-48285;-48285;-48285;-48285;-48285;-48285;-48285;-48285;-48285;-48285;-48285;-48285;-48285;
-56913;-56913;-71006;-71006;-72828;-72828;-72828;-73906;-73906;-73956;-74286;-74286;-74286;-74286;-74286;-74286;-74286;-74286;-74286;-74286;-74286;-74286;-74286;-74286;-74286;-74286;-74286;-74286;-74286;-74286;-74286;-74286;-74286;-74286;-74286;-74286;-74286;-74286;-74286;-74286;-74286;-74286;-74286;-74286;-74286;-74286;-74286;-74286;-74286;-74286;
-37963;-49711;-51161;-53511;-53511;-54261;-54261;-54261;-54261;-54261;-54261;-54261;-54261;-54261;-54261;-54261;-54261;-54261;-54261;-54261;-54261;-54261;-54261;-54261;-54261;-54261;-54261;-54261;-54261;-54261;-54261;-54261;-54261;-54261;-54261;-54261;-54261;-54261;-54261;-54261;-54261;-54261;-54261;-54261;-54261;-54261;-54261;-54261;-54261;-54261;
-93912;-118944;-124392;-125872;-128942;-132977;-132977;-132977;-132977;-132977;-132977;-132977;-132977;-132977;-132977;-132977;-132977;-132977;-132977;-132977;-132977;-132977;-132977;-133113;-133113;-133113;-133113;-133113;-133113;-133113;-133113;-133113;-133113;-133113;-133113;-133113;-133113;-133113;-133113;-133113;-133113;-133113;-133113;-133113;-133113;-133113;-133113;-133113;-133113;-133113;
-78305;-97795;-102770;-102770;-110430;-110430;-110430;-114540;-114540;-114980;-114980;-114980;-114980;-114980;-114980;-114980;-114980;-114980;-114980;-114980;-114980;-114980;-114980;-114980;-114980;-114980;-114980;-114980;-114980;-114980;-114980;-114980;-114980;-114980;-114980;-114980;-114980;-114980;-114980;-114980;-114980;-114980;-114980;-114980;-114980;-114980;-114980;-114980;-114980;-114980;
-36265;-63965;-66625;-68430;-68855;-72465;-72465;-72590;-72590;-72640;-73080;-73080;-73080;-73080;-73080;-73080;-73080;-73080;-73080;-73080;-73080;-73080;-73080;-73080;-73080;-73080;-73080;-73080;-73080;-73080;-73080;-73080;-73080;-73080;-73080;-73080;-73080;-73080;-73080;-73080;-73080;-73080;-73080;-73080;-73080;-73080;-73080;-73080;-73080;-73080;
-68032;-75989;-79199;-83849;-83849;-83849;-83849;-83849;-84569;-84569;-84569;-84569;-84569;-84569;-84569;-84569;-84899;-84899;-84899;-84899;-84899;-84899;-84899;-84899;-84899;-84899;-84899;-84899;-84899;-84899;-84899;-84899;-84899;-84899;-84899;-84899;-84899;-84899;-84899;-84899;-84899;-84899;-84899;-84899;-84899;-84899;-84899;-84899;-84899;-84899;
-46905;-69852;-81160;-81600;-81600;-81600;-81600;-81600;-81600;-81600;-81600;-81600;-81600;-81600;-81600;-81600;-81600;-81600;-81600;-81600;-81600;-81600;-81600;-81600;-81600;-81600;-81600;-81600;-81600;-81600;-81600;-81600;-81600;-81600;-81600;-81600;-81600;-81600;-81600;-81600;-81600;-81600;-81600;-81600;-81600;-81600;-81600;-81600;-81600;-81600;
-60941;-86637;-97936;-102641;-102641;-102641;-102641;-102641;-102911;-102911;-102911;-102911;-102911;-102911;-102911;-102911;-102911;-102911;-102911;-102911;-102911;-102911;-102911;-102911;-102911;-102911;-102911;-102911;-102911;-102911;-102911;-102911;-102911;-102911;-102911;-102911;-102911;-102911;-102911;-102911;-102911;-102911;-102911;-102911;-102911;-102911;-102911;-102911;-102911;-102911;
-54025;-78490;-90878;-90988;-90988;-91368;-91478;-91478;-91478;-91478;-91478;-91478;-91478;-91478;-91478;-91478;-91478;-91478;-91478;-91478;-91478;-91478;-91478;-91478;-91478;-91478;-91478;-91478;-91478;-91478;-91478;-91478;-91478;-91478;-91478;-91478;-91478;-91478;-91478;-91478;-91478;-91478;-91478;-91478;-91478;-91478;-91478;-91478;-91478;-91478;
-51195;-52545;-77691;-78111;-78171;-78171;-78171;-78171;-78441;-78441;-78441;-78441;-78441;-78441;-78441;-78441;-78441;-78441;-78441;-78441;-78441;-78441;-78441;-78441;-78441;-78441;-78441;-78441;-78441;-78441;-78441;-78441;-78441;-78441;-78441;-78441;-78441;-78441;-78441;-78441;-78441;-78441;-78441;-78441;-78441;-78441;-78441;-78441;-78441;-78441;
-63675;-90365;-90415;-92525;-94695;-94695;-94695;-94965;-94965;-94965;-94965;-94965;-94965;-94965;-94965;-94965;-94965;-94965;-94965;-94965;-94965;-94965;-94965;-94965;-94965;-94965;-94965;-94965;-94965;-94965;-94965;-94965;-94965;-94965;-94965;-94965;-94965;-94965;-94965;-94965;-94965;-94965;-94965;-94965;-94965;-94965;-94965;-94965;-94965;-94965;
-5129;-29484;-29484;-29814;-29814;-29814;-29814;-29814;-29814;-29814;-29814;-29814;-29814;-29814;-29814;-29814;-29814;-29814;-29814;-29814;-29814;-29814;-29814;-29814;-29814;-29814;-29814;-29814;-29814;-29814;-29814;-29814;-29814;-29814;-29814;-29814;-29814;-29814;-29814;-29814;-29814;-29814;-29814;-29814;-29814;-29814;-29814;-29814;-29814;-29814;
-83175;-84143;-86233;-87780;-87780;-89118;-89238;-89238;-89238;-89238;-89238;-89238;-89238;-89238;-89678;-89678;-89678;-89678;-89678;-89678;-89678;-89678;-89678;-89678;-89678;-89678;-89678;-89678;-89678;-89678;-89678;-89678;-89678;-89678;-89678;-89678;-89678;-89678;-89678;-89678;-89678;-89678;-89678;-89678;-89678;-89678;-89678;-89678;-89678;-89678;
-50150;-76300;-80950;-80950;-80950;-80950;-80950;-80950;-80950;-80950;-80950;-80950;-80950;-80950;-80950;-80950;-80950;-80950;-80950;-80950;-80950;-80950;-80950;-80950;-80950;-80950;-80950;-80950;-80950;-80950;-80950;-80950;-80950;-80950;-80950;-80950;-80950;-80950;-80950;-80950;-80950;-80950;-80950;-80950;-80950;-80950;-80950;-80950;-80950;-80950;
-39037;-59221;-63871;-63871;-63871;-63871;-63871;-63871;-63871;-63871;-63871;-63871;-63871;-63871;-63871;-63871;-63871;-63871;-63871;-63871;-63871;-63871;-63871;-63871;-63871;-63871;-63871;-63871;-63871;-63871;-63871;-63871;-63871;-63871;-63871;-63871;-63871;-63871;-63871;-63871;-63871;-63871;-63871;-63871;-63871;-63871;-63871;-63871;-63871;-63871;
-36777;-44392;-46117;-47277;-47277;-47277;-47277;-47277;-47277;-47277;-47277;-47277;-47277;-47277;-47277;-47277;-47277;-47277;-47277;-47277;-47277;-47277;-47277;-47277;-47277;-47277;-47277;-47277;-47277;-47277;-47277;-47277;-47277;-47277;-47277;-47277;-47277;-47277;-47277;-47277;-47277;-47277;-47277;-47277;-47277;-47277;-47277;-47277;-47277;-47277;
-26162;-42421;-43685;-44960;-47845;-47845;-47845;-47856;-47856;-47856;-48225;-48225;-48225;-48335;-48335;-48335;-48335;-48335;-48335;-48335;-48335;-48335;-48335;-48335;-48335;-48335;-48335;-48335;-48335;-48335;-48335;-48335;-48335;-48335;-48335;-48335;-48335;-48335;-48335;-48335;-48335;-48335;-48335;-48335;-48335;-48335;-48335;-48335;-48335;-48335;
-54423;-65708;-67253;-67428;-70483;-70483;-70483;-70483;-70973;-70973;-70973;-70973;-70973;-70973;-70973;-70973;-70973;-70973;-70973;-70973;-70973;-70973;-70973;-70973;-70973;-70973;-70973;-70973;-70973;-70973;-70973;-70973;-70973;-70973;-70973;-70973;-70973;-70973;-70973;-70973;-70973;-70973;-70973;-70973;-70973;-70973;-70973;-70973;-70973;-70973;
-64923;-86940;-94628;-99393;-99393;-100328;-100328;-100328;-102278;-102278;-102278;-102278;-102278;-102278;-102278;-102278;-102278;-102278;-102278;-102278;-102278;-102278;-102278;-102278;-102278;-102278;-102278;-102278;-102278;-102278;-102278;-102278;-102278;-102278;-102278;-102278;-102278;-102278;-102278;-102278;-102278;-102278;-102278;-102278;-102278;-102278;-102278;-102278;-102278;-102278;
-67395;-91899;-101009;-101009;-102240;-104659;-104659;-105329;-105329;-105329;-105329;-105329;-105329;-105489;-105489;-105489;-105489;-105489;-105489;-105489;-105709;-105709;-105709;-105709;-105709;-105709;-105709;-105709;-105709;-105709;-105709;-105709;-105709;-105709;-105709;-105709;-105709;-105709;-105709;-105709;-105709;-105709;-105709;-105709;-105709;-105709;-105709;-105709;-105709;-105709;
-64685;-70333;-70773;-73273;-76763;-76763;-76763;-77593;-77593;-77593;-77593;-77593;-77593;-77593;-77593;-77593;-77593;-77593;-77593;-77593;-77923;-77923;-77923;-77923;-77923;-77923;-77923;-77923;-77923;-77923;-77923;-77923;-77923;-77923;-77923;-77923;-77923;-77923;-77923;-77923;-77923;-77923;-77923;-77923;-77923;-77923;-77923;-77923;-77923;-77923;
