-46135;-66464;-76935;-79820;-79820;-79820;-79820;-79820;-79820;-79820;-79820;-79820;-79820;-79820;-79820;-79820;-79820;-79820;-79820;-79820;-79820;-79820;-79820;-79820;-79820;-79820;-79820;-79820;-79820;-79820;-79820;-79820;-79820;-79820;-79820;-79820;-79820;-79820;-79820;-79820;-79820;-79820;-79820;-79820;-79820;-79820;-79820;-79820;-79820;-79820;
-42510;-54465;-54465;-57050;-57500;-58560;-59000;-59720;-59720;-59720;-59720;-59720;-59720;-59720;-59720;-59720;-59720;-59720;-59720;-59720;-59720;-59720;-59720;-59720;-59720;-59720;-59720;-59720;-59720;-59720;-59720;-59720;-59720;-59720;-59720;-59720;-59720;-59720;-59720;-59720;-59720;-59720;-59720;-59720;-59720;-59720;-59720;-59720;-59720;-59720;
-53513;-64133;-70268;-70268;-70953;-70953;-70953;-74428;-74428;-74428;-74428;-74428;-74918;-74918;-74918;-74918;-74918;-74918;-74918;-74918;-74918;-74918;-74918;-74918;-74918;-74918;-74918;-74918;-74918;-74918;-74918;-74918;-74918;-74918;-74918;-74918;-74918;-74918;-74918;-74918;-74918;-74918;-74918;-74918;-74918;-74918;-74918;-74918;-74918;-74918;
-54507;-65710;-69935;-69935;-83567;-83567;-83567;-83567;-83567;-83567;-83567;-83567;-83567;-83567;-83567;-83567;-83567;-83567;-83567;-83567;-83567;-83567;-83567;-83567;-83567;-83567;-83567;-83567;-83567;-83567;-83567;-83567;-83567;-83567;-83567;-83567;-83567;-83567;-83567;-83567;-83567;-83567;-83567;-83567;-83567;-83567;-83567;-83567;-83567;-83567;
-36760;-44793;-47828;-47828;-48578;-48578;-48578;-48578;-48578;-48578;-48578;-48578;-48578;-48578;-48578;-48578;-48578;-48578;-48578;-48578;-48578;-48578;-48578;-48578;-48578;-48578;-48578;-48578;-48578;-48578;-48578;-48578;-48578;-48578;-48578;-48578;-48578;-48578;-48578;-48578;-48578;-48578;-48578;-48578;-48578;-48578;-48578;-48578;-48578;-48578;
-32622;-35962;-63532;-67142;-67142;-67252;-67252;-67252;-67252;-67252;-67252;-67252;-67252;-67252;-67252;-67252;-67252;-67252;-67252;-67252;-67252;-67252;-67252;-67252;-67252;-67252;-67252;-67252;-67252;-67252;-67252;-67252;-67252;-67252;-67252;-67252;-67252;-67252;-67252;-67252;-67252;-67252;-67252;-67252;-67252;-67252;-67252;-67252;-67252;-67252;
-54345;-61902;-73646;-73646;-73936;-73967;-74476;-74476;-74617;-74617;-74617;-74617;-74617;-74617;-74617;-74617;-74617;-74617;-74617;-74617;-74617;-74617;-74617;-74617;-74617;-74617;-74617;-74617;-74617;-74617;-74617;-74617;-74617;-74617;-74617;-74617;-74617;-74617;-74617;-74617;-74617;-74617;-74617;-74617;-74617;-74617;-74617;-74617;-74617;-74617;
-23476;-37145;-37624;-37624;-37624;-37624;-37624;-37624;-37624;-37624;-37624;-37624;-37624;-37624;-37624;-37624;-37624;-37624;-37624;-37624;-37624;-37624;-37624;-37624;-37624;-37624;-37624;-37624;-37624;-37624;-37624;-37624;-37624;-37624;-37624;-37624;-37624;-37624;-37624;-37624;-37624;-37624;-37624;-37624;-37624;-37624;-37624;-37624;-37624;-37624;
-42903;-59983;-71113;-71863;-71863;-71863;-71863;-71863;-71863;-71863;-71863;-71863;-71863;-71863;-71863;-71863;-71863;-71863;-71863;-71863;-71863;-71863;-71863;-71863;-71863;-71863;-71863;-71863;-71863;-71863;-71863;-71863;-71863;-71863;-71863;-71863;-71863;-71863;-71863;-71863;-71863;-71863;-71863;-71863;-71863;-71863;-71863;-71863;-71863;-71863;
-36258;-63002;-67058;-67537;-67647;-67647;-67977;-67977;-67977;-67977;-67977;-67977;-67977;-67977;-67977;-67977;-67977;-67977;-67977;-67977;-67977;-67977;-67977;-67977;-67977;-67977;-67977;-67977;-67977;-67977;-67977;-67977;-67977;-67977;-67977;-67977;-67977;-67977;-67977;-67977;-67977;-67977;-67977;-67977;-67977;-67977;-67977;-67977;-67977;-67977;
-67035;-84068;-85733;-88618;-88618;-88618;-88618;-88618;-88618;-88618;-88618;-88618;-88618;-88618;-88618;-88618;-88618;-88618;-88618;-88618;-88618;-88618;-88618;-88618;-88618;-88618;-88618;-88618;-88618;-88618;-88618;-88618;-88618;-88618;-88618;-88618;-88618;-88618;-88618;-88618;-88618;-88618;-88618;-88618;-88618;-88618;-88618;-88618;-88618;-88618;
-52442;-70856;-75686;-85898;-86228;-86228;-87848;-87848;-87848;-87848;-87848;-87848;-87848;-87848;-87848;-87848;-87848;-87848;-87848;-87848;-87848;-87848;-87848;-87848;-87848;-87848;-87848;-87848;-87848;-87848;-87848;-87848;-87848;-87848;-87848;-87848;-87848;-87848;-87848;-87848;-87848;-87848;-87848;-87848;-87848;-87848;-87848;-87848;-87848;-87848;
-54683;-61868;-67463;-67628;-70238;-70238;-70238;-70238;-70238;-70348;-70348;-70348;-70348;-70348;-70348;-70348;-70348;-70348;-70348;-70348;-70348;-70348;-70348;-70348;-70348;-70348;-70348;-70348;-70348;-70348;-70348;-70348;-70348;-70348;-70348;-70348;-70348;-70348;-70348;-70348;-70348;-70348;-70348;-70348;-70348;-70348;-70348;-70348;-70348;-70348;
-48123;-67665;-75203;-78923;-78923;-78923;-78923;-78923;-78923;-78923;-78923;-78923;-78923;-78923;-78923;-78923;-78923;-78923;-78923;-78923;-78923;-78923;-78923;-78923;-78923;-78923;-78923;-78923;-78923;-78923;-78923;-78923;-78923;-78923;-78923;-78923;-78923;-78923;-78923;-78923;-78923;-78923;-78923;-78923;-78923;-78923;-78923;-78923;-78923;-78923;
-44309;-68339;-69729;-69729;-69729;-69729;-72889;-72889;-72889;-72889;-72889;-72889;-72889;-72889;-72889;-72889;-72889;-72889;-72889;-72889;-72889;-72889;-72889;-72889;-72889;-72889;-72889;-72889;-72889;-72889;-72889;-72889;-72889;-72889;-72889;-72889;-72889;-72889;-72889;-72889;-72889;-72889;-72889;-72889;-72889;-72889;-72889;-72889;-72889;-72889;
-19727;-62837;-64677;-68418;-68418;-68567;-68567;-68897;-68897;-68897;-68897;-69337;-69337;-69337;-69337;-69337;-69337;-69337;-69337;-69337;-69337;-69337;-69337;-69337;-69337;-69337;-69337;-69337;-69337;-69337;-69337;-69337;-69337;-69337;-69337;-69337;-69337;-69337;-69337;-69337;-69337;-69337;-69337;-69337;-69337;-69337;-69337;-69337;-69337;-69337;
-50230;-64617;-64617;-69696;-69696;-71631;-71631;-71631;-71631;-71631;-71631;-71631;-71631;-71631;-71631;-71631;-71631;-71631;-71631;-71662;-71662;-71662;-71662;-71662;-71662;-71662;-71662;-71662;-71662;-71662;-71662;-71662;-71662;-71662;-71662;-71662;-71662;-71662;-71662;-71662;-71662;-71662;-71662;-71662;-71662;-71662;-71662;-71662;-71662;-71662;
-19123;-23673;-23673;-23673;-23673;-23673;-23673;-23673;-23673;-23673;-23673;-23673;-23673;-23673;-23673;-23673;-23673;-23673;-23673;-23673;-23673;-23673;-23673;-23673;-23673;-23673;-23673;-23673;-23673;-23673;-23673;-23673;-23673;-23673;-23673;-23673;-23673;-23673;-23673;-23673;-23673;-23673;-23673;-23673;-23673;-23673;-23673;-23673;-23673;-23673;
-44667;-44667;-68869;-72210;-72990;-73370;-73370;-73480;-73849;-73849;-73849;-73849;-73959;-73959;-73959;-73959;-73959;-73959;-73959;-73959;-73959;-73959;-73959;-73959;-73959;-73959;-73959;-73959;-73959;-73959;-73959;-73959;-73959;-73959;-73959;-73959;-73959;-73959;-73959;-73959;-73959;-73959;-73959;-73959;-73959;-73959;-73959;-73959;-73959;-73959;
-36907;-43262;-45423;-45533;-47777;-50073;-50073;-50073;-50073;-50183;-50183;-50183;-50183;-50183;-50183;-50183;-50183;-50183;-50183;-50183;-50183;-50183;-50183;-50183;-50183;-50183;-50183;-50183;-50183;-50183;-50183;-50183;-50183;-50183;-50183;-50183;-50183;-50183;-50183;-50183;-50183;-50183;-50183;-50183;-50183;-50183;-50183;-50183;-50183;-50183;
-52113;-55541;-66701;-66701;-66701;-67141;-67141;-67141;-67141;-67141;-67141;-67141;-67141;-67141;-67141;-67141;-67141;-67141;-67141;-67141;-67141;-67141;-67141;-67141;-67141;-67141;-67141;-67141;-67141;-67141;-67141;-67141;-67141;-67141;-67141;-67141;-67141;-67141;-67141;-67141;-67141;-67141;-67141;-67141;-67141;-67141;-67141;-67141;-67141;-67141;
-36968;-64363;-64873;-65433;-65433;-65873;-65873;-65873;-65873;-65873;-65873;-65873;-65873;-65873;-65873;-65873;-65873;-65873;-65873;-65873;-65873;-65873;-65873;-65873;-65873;-65873;-65873;-65873;-65873;-65873;-65873;-65873;-65873;-65873;-65873;-65873;-65873;-65873;-65873;-65873;-65873;-65873;-65873;-65873;-65873;-65873;-65873;-65873;-65873;-65873;
-65648;-76738;-91708;-91708;-93168;-93168;-93168;-93168;-93168;-93168;-93168;-93168;-93168;-93168;-93168;-93168;-93168;-93168;-93168;-93168;-93168;-93168;-93168;-93168;-93168;-93168;-93168;-93168;-93168;-93168;-93168;-93168;-93168;-93168;-93168;-93168;-93168;-93168;-93168;-93168;-93168;-93168;-93168;-93168;-93168;-93168;-93168;-93168;-93168;-93168;
-54362;-59422;-59982;-59982;-59982;-59982;-59982;-59982;-59982;-59982;-59982;-59982;-59982;-59982;-59982;-59982;-59982;-59982;-59982;-59982;-59982;-59982;-59982;-59982;-59982;-59982;-59982;-59982;-59982;-59982;-59982;-59982;-59982;-59982;-59982;-59982;-59982;-59982;-59982;-59982;-59982;-59982;-59982;-59982;-59982;-59982;-59982;-59982;-59982;-59982;
-55578;-65393;-69858;-77891;-77891;-77891;-79446;-79556;-79556;-79556;-79556;-79556;-79556;-79556;-79556;-79556;-79556;-79556;-79556;-79556;-79556;-79556;-79556;-79556;-79556;-79556;-79556;-79556;-79556;-79556;-79556;-79556;-79556;-79556;-79556;-79556;-79556;-79556;-79556;-79556;-79556;-79556;-79556;-79556;-79556;-79556;-79556;-79556;-79556;-79556;
-31597;-41387;-44192;-45922;-45922;-46412;-46412;-46802;-46802;-46802;-46802;-46802;-46802;-46802;-46802;-46802;-46802;-46802;-46802;-46802;-46802;-46802;-46802;-46852;-46852;-46852;-46852;-46852;-46852;-46852;-46852;-46852;-46852;-46852;-46852;-46852;-46852;-46852;-46852;-46852;-46852;-46852;-46852;-46852;-46852;-46852;-46852;-46852;-46852;-46852;
-35405;-69412;-77605;-77605;-81270;-81270;-81270;-81270;-81270;-81270;-81270;-81270;-81270;-81270;-81270;-81270;-81270;-81270;-81270;-81270;-81270;-81270;-81270;-81270;-81270;-81270;-81270;-81270;-81270;-81270;-81270;-81270;-81270;-81270;-81270;-81270;-81270;-81270;-81270;-81270;-81270;-81270;-81270;-81270;-81270;-81270;-81270;-81270;-81270;-81270;
-33957;-56977;-59372;-59862;-59862;-59862;-59862;-59862;-59862;-59862;-59862;-59862;-59862;-59862;-59862;-59862;-59862;-59862;-59862;-59862;-59862;-59862;-59862;-59862;-59862;-59862;-59862;-59862;-59862;-59862;-59862;-59862;-59862;-59862;-59862;-59862;-59862;-59862;-59862;-59862;-59862;-59862;-59862;-59862;-59862;-59862;-59862;-59862;-59862;-59862;
-26667;-26667;-26667;-26667;-26667;-26667;-26667;-26667;-26667;-26667;-26667;-26667;-26667;-26667;-26667;-26667;-26667;-26667;-26667;-26667;-26667;-26667;-26667;-26667;-26667;-26667;-26667;-26667;-26667;-26667;-26667;-26667;-26667;-26667;-26667;-26667;-26667;-26667;-26667;-26667;-26667;-26667;-26667;-26667;-26667;-26667;-26667;-26667;-26667;-26667;
-53215;-63736;-70238;-73228;-73228;-73228;-75126;-75126;-75126;-75126;-75126;-75236;-75236;-75236;-75236;-75236;-75236;-75236;-75236;-75236;-75236;-75236;-75236;-75236;-75236;-75236;-75236;-75236;-75236;-75236;-75236;-75236;-75236;-75236;-75236;-75236;-75236;-75236;-75236;-75236;-75236;-75236;-75236;-75236;-75236;-75236;-75236;-75236;-75236;-75236;
