-89994;-96000;-116588;-127932;-129943;-130773;-130883;-130883;-130883;-130883;-130883;-130883;-130883;-130883;-130773;-130883;-130883;-130883;-130883;-130883;-130883;-130883;-130883;-130883;-130883;-130883;-130883;-130883;-130883;-130883;-130883;-130883;-130883;-130883;-130883;-130883;-130883;-130883;-130883;-130883;-130883;-130883;-130883;-130773;-130883;-130883;-130883;-130883;-130883;-130883;
-86274;-91271;-118995;-124523;-128053;-128563;-129403;-130723;-130723;-130723;-130712;-130723;-130723;-130723;-130723;-130723;-130723;-130723;-130723;-130723;-130723;-130723;-130723;-130723;-130723;-130723;-130723;-130723;-130723;-130723;-130723;-130883;-130883;-130773;-130883;-130883;-130883;-130883;-130883;-130883;-130773;-130883;-130883;-130883;-130883;-130883;-130883;-130883;-130723;-130883;
-90465;-81335;-112488;-120431;-120941;-121101;-121101;-120941;-120611;-120541;-121140;-121101;-121101;-122595;-117685;-120431;-121101;-130563;-130723;-130723;-130723;-130723;-130723;-130723;-130723;-130723;-130723;-130723;-130883;-130883;-130883;-130883;-130883;-130883;-130883;-130883;-130883;-130883;-130883;-130883;-130883;-130883;-130883;-130883;-130883;-130883;-130883;-130883;-130883;-130883;
-82139;-89074;-101568;-120189;-123069;-123750;-123750;-124360;-123750;-124360;-124360;-123069;-123750;-124360;-125913;-124360;-124509;-124520;-124509;-127687;-128978;-128028;-127687;-129808;-129808;-129808;-129908;-127811;-130712;-130712;-130712;-130712;-130712;-130712;-130712;-130712;-130712;-130712;-130723;-130712;-130723;-130723;-130723;-130723;-130723;-130723;-130723;-130723;-130723;-130723;
-92977;-78170;-113275;-122680;-127953;-128463;-130233;-130723;-130723;-130723;-130723;-130723;-130723;-130723;-130723;-130723;-130723;-130723;-130723;-130723;-130723;-130723;-130723;-130723;-130723;-130723;-130723;-130233;-130723;-130723;-130723;-130723;-130723;-130723;-130723;-130723;-130723;-130723;-130723;-130723;-130723;-130723;-130723;-130723;-130723;-130723;-130723;-130723;-130723;-130723;
-102638;-89981;-122002;-123337;-123337;-130883;-130883;-130883;-130883;-130883;-130883;-130883;-130883;-130883;-130883;-130883;-130883;-130883;-130883;-130883;-130883;-130883;-130883;-130883;-130883;-130883;-130883;-130883;-130883;-130883;-130883;-130883;-130883;-130883;-130883;-130883;-130883;-130883;-130883;-130883;-130883;-130883;-130883;-130883;-130883;-130883;-130883;-130883;-130883;-130883;
-98680;-91437;-120179;-113830;-120614;-125372;-127963;-129183;-129183;-129183;-129183;-129183;-129183;-129183;-129183;-129183;-129183;-129183;-129183;-129183;-129183;-129183;-129183;-129183;-129183;-129183;-129183;-129183;-129183;-129183;-129183;-129183;-129183;-129183;-129183;-129183;-129183;-129183;-129183;-130723;-129183;-129183;-129183;-129183;-129183;-129183;-129183;-129183;-129183;-129183;
-86298;-92072;-119828;-124048;-124158;-124158;-124158;-124158;-124158;-124158;-124158;-124158;-124158;-124158;-124158;-124158;-124158;-124520;-124360;-127428;-130723;-130723;-130723;-130723;-130723;-130723;-130723;-130723;-130883;-130883;-130883;-130883;-130883;-130883;-130883;-130883;-130883;-130883;-130883;-130883;-130883;-130883;-130883;-130883;-130883;-130883;-130883;-130883;-130883;-130883;
-91861;-99515;-107535;-119190;-118425;-127768;-127658;-127978;-128138;-128463;-128463;-129183;-129183;-129183;-129183;-129183;-129183;-129183;-129183;-129183;-129183;-129183;-129183;-129183;-129183;-129183;-129183;-129172;-129183;-129183;-129183;-129183;-129183;-129183;-129183;-129183;-129183;-129183;-129183;-129183;-129183;-129183;-129183;-129183;-129183;-129183;-129183;-129183;-129183;-129183;
-94524;-86178;-112634;-120660;-124410;-123604;-130723;-130723;-130723;-130723;-130723;-130723;-130883;-130883;-130883;-130883;-130883;-130883;-130883;-130883;-130883;-130883;-130233;-130883;-130883;-130883;-130883;-130883;-130233;-130883;-130883;-130883;-130883;-130883;-130883;-130883;-130883;-130883;-130883;-130883;-130883;-130883;-130883;-130883;-130883;-130883;-130883;-130883;-130883;-130883;
-95362;-92305;-112683;-122879;-123470;-123899;-123899;-123899;-123899;-123899;-130883;-130883;-130883;-130883;-130883;-130883;-130883;-130883;-130883;-130773;-130883;-130883;-130883;-130883;-130883;-130883;-130883;-130883;-130883;-130883;-130883;-130883;-130883;-130883;-130883;-130883;-130883;-130883;-130883;-130883;-130883;-130883;-130883;-130773;-130883;-130773;-130883;-130883;-130883;-130883;
-98793;-100943;-118671;-129162;-122959;-129162;-129173;-129162;-129173;-129173;-129173;-129173;-129173;-129173;-129162;-129173;-129162;-129173;-129173;-129173;-129173;-129173;-129173;-129162;-129173;-129173;-129173;-129173;-129173;-129162;-129173;-129173;-129162;-129162;-129173;-129173;-129173;-129173;-129173;-129173;-129173;-129173;-129173;-129173;-129173;-129173;-129173;-129173;-129173;-129173;
-92942;-112828;-116228;-123653;-123405;-122794;-123653;-122794;-117493;-123284;-122794;-124745;-123653;-128093;-123653;-122927;-127208;-128193;-128193;-127633;-130712;-130723;-130723;-130723;-130723;-130723;-130723;-130723;-130723;-130712;-130883;-130883;-130723;-130883;-130883;-130883;-130883;-130723;-130883;-130883;-130883;-130883;-130883;-130883;-130883;-130883;-130883;-130883;-130883;-130712;
-103210;-91468;-99283;-127781;-129888;-130213;-129888;-130213;-130723;-130723;-130723;-130723;-130233;-130723;-130723;-130723;-130723;-130723;-130213;-130723;-130883;-130723;-130723;-130883;-130723;-130883;-130883;-130883;-130213;-130883;-130883;-130883;-130883;-130883;-130883;-130883;-130723;-130883;-130883;-130883;-130883;-130883;-130883;-130883;-130883;-130883;-130883;-130883;-130883;-130883;
-93558;-78198;-115623;-127971;-128040;-130723;-130723;-130723;-130723;-130723;-130723;-130723;-130723;-130723;-130723;-130723;-130723;-130723;-130723;-130723;-130723;-130723;-130723;-130723;-130723;-130723;-130723;-130723;-130723;-130723;-130773;-130723;-130723;-130723;-130723;-130723;-130723;-130723;-130723;-130723;-130723;-130723;-130723;-130723;-130723;-130723;-130723;-130723;-130723;-130723;
-97308;-96367;-121115;-127783;-127783;-129173;-129293;-129173;-130773;-129173;-129173;-129173;-129173;-129173;-128683;-130773;-130883;-130773;-130883;-130883;-130883;-130883;-130883;-130883;-130883;-130773;-130883;-130883;-130883;-130883;-130883;-130883;-130773;-130883;-130883;-130883;-130883;-130773;-130883;-130883;-130883;-130883;-130883;-130883;-130883;-130883;-130883;-130883;-130883;-130883;
-102252;-88595;-124128;-129173;-129173;-129173;-129173;-129173;-129173;-129173;-129173;-129173;-129173;-129173;-129173;-129173;-129173;-129173;-129173;-129173;-129173;-129173;-129173;-129173;-129173;-129173;-129173;-129173;-129173;-129173;-129173;-129173;-129173;-129173;-129173;-129173;-129173;-129173;-129173;-129173;-129173;-129173;-129173;-129173;-129173;-129173;-129173;-129173;-129173;-129173;
-107466;-100295;-107926;-113004;-129013;-130602;-130602;-130602;-130712;-130723;-130712;-130712;-130712;-130723;-130723;-130723;-130723;-130723;-130712;-130723;-130712;-130723;-130883;-130883;-130883;-130773;-130883;-130883;-130883;-130883;-130883;-130883;-130883;-130883;-130883;-130773;-130883;-130883;-130712;-130712;-130883;-130883;-130883;-130883;-130883;-130883;-130883;-130202;-130883;-130883;
-104713;-90864;-102902;-106126;-109002;-115870;-127781;-130613;-130723;-130723;-130883;-130883;-130883;-130883;-130883;-130883;-130883;-130883;-130883;-130883;-130883;-130883;-130883;-130883;-130883;-130883;-130883;-130883;-130883;-130883;-130883;-130883;-130883;-130883;-130883;-130883;-130883;-130883;-130883;-130883;-130883;-130883;-130883;-130883;-130883;-130883;-130883;-130883;-130883;-130883;
-99265;-99210;-106253;-129728;-130053;-130213;-129398;-130883;-130883;-130883;-130883;-130883;-130883;-130883;-130883;-130883;-130883;-130883;-130883;-130883;-130883;-130883;-130883;-130883;-130883;-130883;-130883;-130883;-130883;-130883;-130883;-130883;-130883;-130883;-130883;-130883;-130883;-130883;-130883;-130883;-130883;-130883;-130883;-130883;-130883;-130883;-130883;-130883;-130213;-129723;
-125300;-93490;-113069;-127092;-130723;-130723;-130723;-130723;-130723;-130723;-130723;-130723;-130723;-130723;-130723;-130723;-130723;-130723;-130723;-130723;-130723;-130723;-130723;-130723;-130723;-130723;-130723;-130723;-127961;-130723;-130723;-127173;-130723;-130723;-130723;-130723;-130723;-130723;-130723;-130723;-130723;-130723;-130723;-130723;-130723;-130723;-130723;-130723;-130723;-130723;
-102280;-94365;-121349;-123520;-129333;-129333;-130773;-130602;-130712;-130883;-130883;-130883;-130883;-130883;-130883;-130883;-130883;-130712;-130883;-130883;-130883;-130883;-130883;-130883;-130883;-130883;-130883;-130883;-130883;-130883;-130883;-130883;-130883;-130883;-130883;-130883;-130883;-130883;-130883;-130883;-130883;-130883;-130883;-130883;-130883;-130883;-130883;-130883;-130883;-130883;
-105055;-99683;-112361;-122190;-124725;-124565;-124345;-124835;-130013;-130013;-130013;-130013;-130013;-130013;-130103;-126913;-130773;-130883;-130883;-130883;-130883;-130883;-130883;-130883;-130883;-130883;-130883;-130883;-130883;-130883;-130883;-130883;-130883;-130883;-130883;-130883;-130883;-130883;-130883;-130883;-130883;-130883;-130883;-130883;-130883;-130883;-130883;-130883;-130883;-130883;
-81264;-89187;-107278;-119599;-128342;-128342;-129023;-129073;-129023;-129183;-129183;-129183;-129183;-128463;-129183;-129183;-130613;-130883;-130883;-130883;-130883;-130883;-130883;-130883;-130883;-130883;-130883;-130883;-130883;-130883;-130883;-130883;-130883;-130883;-130883;-130883;-130883;-130883;-130883;-130883;-130883;-130883;-130883;-130883;-130883;-130883;-130883;-130883;-130883;-130883;
-74151;-108603;-111935;-121054;-123165;-128232;-128453;-128453;-128453;-128563;-128453;-128453;-128453;-130453;-130723;-130723;-130723;-130723;-130723;-130723;-130723;-130723;-130723;-130723;-130723;-130723;-130723;-130723;-130723;-130723;-130723;-130723;-130723;-130723;-130723;-130723;-130723;-130723;-130723;-130723;-130723;-130723;-130723;-130723;-130723;-130723;-130723;-130723;-130563;-130883;
-93979;-83075;-111385;-117555;-128693;-128673;-129183;-129183;-129183;-129183;-129023;-129183;-129183;-129183;-129183;-129183;-129183;-128693;-129183;-130773;-129183;-130883;-130883;-130883;-129183;-130883;-130723;-130883;-129172;-130883;-130883;-130883;-130883;-130883;-128693;-130883;-130883;-130883;-130883;-129183;-130883;-129183;-130883;-130883;-129183;-130883;-129023;-129183;-129183;-130883;
-111715;-86778;-103793;-97677;-118744;-123079;-130163;-123994;-125557;-130883;-130883;-130883;-130883;-130883;-130883;-130883;-130883;-130883;-130883;-130883;-130883;-130883;-130883;-130883;-130883;-130883;-130883;-130883;-130883;-130883;-130883;-130883;-130883;-130883;-130883;-130883;-130883;-130883;-130883;-130883;-130883;-130883;-130883;-130883;-130883;-130883;-130883;-130883;-130883;-130883;
-113715;-81770;-117380;-117640;-123868;-127138;-128552;-128552;-130123;-128552;-130712;-130712;-130723;-130723;-130723;-130723;-130723;-130723;-130883;-130883;-130883;-130883;-130883;-130883;-130883;-130883;-130883;-130883;-130883;-130883;-130883;-130883;-130883;-130883;-130883;-130883;-130883;-130883;-130883;-130883;-130883;-130883;-130883;-130883;-130883;-130883;-130883;-130883;-130883;-130883;
-87343;-102014;-109674;-126592;-129383;-130213;-130723;-130723;-130723;-130723;-130723;-130723;-130723;-130723;-130723;-130723;-130723;-130723;-130883;-130883;-130883;-130883;-130883;-130883;-130723;-130883;-130883;-130883;-130883;-130883;-130883;-130723;-130883;-130883;-130883;-130883;-130883;-130883;-130883;-130723;-130883;-130883;-130883;-130883;-130723;-130883;-130883;-130723;-130723;-130883;
-107334;-113901;-116684;-119825;-127018;-128683;-130773;-130883;-130883;-130883;-130883;-130883;-130883;-130883;-130883;-130883;-130883;-130883;-130883;-130883;-130883;-130883;-130883;-130883;-130883;-130883;-130883;-130883;-130883;-130883;-130883;-130883;-130883;-130883;-130883;-130883;-130883;-130883;-130883;-130883;-130883;-130883;-130883;-130883;-130883;-130883;-130883;-130883;-130883;-130883;
