-48226;-55987;-65567;-85050;-85309;-85309;-87465;-88275;-93423;-93523;-93848;-94338;-94338;-94338;-94338;-94338;-94338;-94338;-94338;-94338;-94338;-94338;-94338;-94338;-94338;-94338;-94388;-94738;-94738;-94738;-95018;-94738;-94738;-94738;-94738;-94738;-94738;-94908;-94738;-94738;-94738;-94738;-94338;-95018;-93848;-94327;-95018;-95018;-93578;-98796;
-84977;-67294;-81305;-87178;-87857;-91342;-92758;-93908;-95018;-94738;-95018;-95018;-95018;-95018;-95018;-95018;-95018;-94013;-95018;-95018;-94738;-94338;-95018;-95018;-95018;-95018;-95018;-95018;-95018;-95018;-95018;-95018;-94193;-95018;-95018;-95018;-95018;-94228;-95018;-95018;-95018;-95018;-95018;-95018;-95018;-94018;-95018;-95018;-95018;-94908;
-61554;-51898;-71684;-80039;-88832;-93267;-93678;-93678;-94248;-94248;-94248;-94248;-94248;-94248;-94248;-94248;-94248;-94248;-94248;-94248;-94248;-94248;-94348;-94348;-94348;-94348;-94348;-94348;-94348;-94348;-94348;-94348;-94348;-94348;-94348;-94348;-94348;-94348;-94348;-94348;-94348;-94348;-94348;-94348;-94348;-94348;-94348;-94348;-94348;-94348;
-54964;-49678;-82660;-91168;-94056;-94656;-98796;-98796;-98796;-98686;-98796;-98796;-98796;-98796;-98796;-98796;-98796;-98796;-98796;-98796;-98796;-98796;-98796;-98796;-98796;-98796;-98796;-98796;-98796;-98796;-98796;-98796;-98796;-98796;-98796;-98796;-98796;-98796;-98796;-98796;-98796;-98796;-98796;-98796;-98796;-98796;-98796;-98796;-98796;-98796;
-59140;-76688;-63360;-93398;-92998;-93398;-94498;-94498;-94498;-94498;-94388;-94498;-94498;-94498;-94498;-94498;-94498;-94498;-94118;-93718;-94498;-93448;-90618;-94498;-94498;-94498;-94498;-94498;-98286;-94498;-90987;-94498;-94498;-93228;-94498;-94498;-94388;-94627;-98286;-93903;-98631;-98416;-98796;-98631;-98686;-98796;-98796;-98796;-98796;-98796;
-65157;-48677;-80122;-90688;-91248;-93138;-92617;-94738;-94738;-94738;-94738;-94738;-94738;-94738;-94738;-94738;-94738;-94738;-94738;-94738;-94738;-94738;-94738;-94738;-94738;-94738;-94738;-94738;-94738;-94738;-94738;-94228;-94738;-93778;-94738;-94738;-94738;-94738;-94738;-94738;-94738;-94738;-94738;-94738;-94738;-94738;-94738;-94738;-94738;-94738;
-55407;-70434;-83650;-88923;-92622;-95018;-95018;-95018;-95018;-95018;-95018;-95018;-95018;-95018;-95018;-95018;-95018;-95018;-95018;-95018;-95018;-95018;-95018;-95018;-95018;-95018;-95018;-95018;-95018;-95018;-95018;-95018;-95018;-95018;-95018;-95018;-95018;-95018;-95018;-95018;-95018;-95018;-95018;-98016;-95018;-93683;-95018;-95018;-95018;-95018;
-46049;-26571;-89227;-93238;-93238;-98495;-93558;-94338;-98796;-98796;-98796;-98796;-98796;-98796;-98796;-98796;-98796;-98796;-98796;-98796;-98796;-98796;-98796;-98796;-98796;-98796;-98796;-98796;-98796;-98796;-98796;-98796;-98796;-98796;-98796;-98796;-98796;-98796;-98796;-98796;-98796;-98796;-98796;-98796;-98796;-98796;-98796;-98796;-98796;-98796;
-59825;-54609;-79618;-80795;-89828;-90098;-90258;-92573;-94183;-94183;-94183;-94183;-94183;-94183;-94183;-94183;-94183;-94183;-94183;-94183;-94183;-94183;-95018;-94183;-94183;-95018;-95018;-93683;-95018;-95018;-95018;-93568;-95018;-95018;-95018;-95018;-94183;-95018;-95018;-94193;-95018;-95018;-95018;-95018;-95018;-95018;-93683;-95018;-94183;-95018;
-50920;-53017;-83547;-90972;-94018;-94018;-98016;-98495;-98495;-98631;-98631;-98631;-98631;-98631;-98631;-98631;-98796;-98796;-98796;-98631;-98796;-98796;-98796;-98796;-98796;-98796;-98796;-98796;-98796;-98796;-98796;-98796;-98796;-98796;-98796;-98796;-98631;-98796;-98796;-98526;-98796;-98796;-98796;-98796;-98796;-98796;-98796;-98796;-98796;-98796;
-52475;-67917;-81179;-92133;-93693;-94908;-94118;-95018;-95018;-95018;-95018;-95018;-95018;-95018;-95018;-95018;-95018;-95018;-95018;-98016;-98631;-98631;-98631;-98631;-98631;-98631;-98631;-98631;-98631;-98631;-98631;-98631;-98631;-98631;-98631;-98631;-98631;-98631;-98631;-98631;-98796;-98631;-98631;-98631;-98631;-98631;-98631;-98631;-98631;-98631;
-51375;-66720;-70441;-91028;-92447;-93978;-94248;-94248;-94248;-94248;-94248;-94248;-94248;-94248;-94248;-94248;-94248;-94248;-94248;-93978;-94248;-94248;-94248;-94248;-94248;-94248;-94248;-94248;-94248;-94248;-93978;-94248;-94248;-94248;-93978;-94248;-94248;-94248;-95018;-95018;-95018;-95018;-95018;-95018;-95018;-95018;-95018;-95018;-95018;-95018;
-54417;-36163;-83945;-92128;-92413;-92413;-92628;-92738;-94388;-92738;-94348;-94348;-94348;-94348;-94348;-94348;-95018;-95018;-95018;-95018;-95018;-95018;-93338;-95018;-95018;-95018;-94738;-95018;-95018;-95018;-95018;-95018;-95018;-95018;-93338;-95018;-95018;-95018;-95018;-95018;-95018;-95018;-95018;-95018;-95018;-95018;-95018;-95018;-95018;-95018;
-58682;-52235;-75543;-91018;-94348;-94348;-94348;-94348;-94348;-94348;-94348;-94348;-94348;-94348;-94348;-98796;-98796;-98796;-98796;-98796;-98796;-98796;-98796;-98796;-98796;-98796;-98796;-98796;-98796;-98796;-98796;-98796;-98796;-98796;-98796;-98796;-98796;-98796;-98796;-98796;-98796;-98796;-98796;-98796;-98796;-98796;-98796;-98796;-98796;-98796;
-42097;-55972;-85627;-90423;-93618;-93728;-93728;-93728;-93728;-93778;-93778;-93778;-93778;-93778;-93778;-93778;-94078;-94078;-93767;-94078;-94078;-94348;-94348;-94238;-94348;-94348;-94348;-95018;-95018;-95018;-95018;-94908;-94078;-95018;-95018;-95018;-94908;-94078;-95018;-95018;-95018;-95018;-95018;-95018;-94738;-95018;-95018;-94908;-94628;-95018;
-39632;-67647;-83584;-90922;-91913;-92898;-92848;-92848;-92848;-92848;-94348;-94348;-94348;-94348;-94348;-94348;-94348;-94348;-94348;-94348;-94348;-94348;-94348;-94348;-94348;-94348;-94348;-94348;-94348;-94348;-94348;-94348;-94348;-94348;-94348;-94348;-94348;-94348;-94348;-94348;-94348;-94348;-94348;-94348;-94348;-94348;-94348;-94348;-94348;-94348;
-74984;10999999999945133;-90667;-90073;-93053;-92948;-93743;-94068;-94338;-94338;-94338;-94338;-94338;-94228;-94338;-94338;-94338;-94338;-94338;-94338;-94338;-94338;-94338;-94338;-94338;-94338;-94338;-94338;-94338;-94338;-94338;-94338;-94338;-94338;-94338;-94338;-94338;-94338;-94338;-94338;-94193;-94338;-94338;-94338;-94338;-94338;-94338;-94338;-94338;-95627;
-67542;-68233;-88537;-92082;-91987;-93837;-93168;-93267;-93438;-93348;-94228;-94228;-93438;-93228;-93228;-93068;-94498;-94388;-94498;-94498;-94118;-94498;-94228;-94338;-93122;-92678;-98631;-98631;-98631;-98631;-98631;-98631;-98631;-98631;-98631;-98631;-98631;-98631;-98631;-98631;-98286;-98796;-98631;-98631;-98796;-98796;-98796;-98796;-98796;-98796;
-56548;-51399;-94410;-90897;-91167;-94628;-94738;-94738;-94738;-94738;-94738;-94738;-94738;-94738;-95018;-95018;-95018;-95018;-95018;-95018;-95018;-95018;-98526;-95018;-94738;-95018;-94228;-95018;-95018;-95018;-95018;-98385;-95018;-95018;-95018;-95018;-95018;-95018;-94498;-94228;-98346;-98416;-98526;-98526;-98686;-98796;-98526;-98796;-98796;-98796;
-47173;-62342;-75862;-88642;-92997;-92297;-92297;-92297;-92297;-92297;-92297;-92297;-91818;-92297;-92297;-92297;-92297;-92297;-92297;-92297;-92297;-92297;-92297;-92297;-92297;-92397;-92397;-92397;-98631;-98796;-98796;-98526;-98796;-98796;-98796;-98796;-98796;-98796;-98796;-98796;-98526;-98796;-98796;-98796;-98796;-98796;-98796;-98796;-98796;-98796;
-69417;-76886;-84983;-83810;-92947;-92947;-93778;-93068;-93107;-94327;-94327;-94327;-94338;-98796;-98796;-98796;-98526;-98796;-98796;-98796;-98796;-98796;-98796;-98796;-98796;-98796;-98796;-98796;-98796;-98796;-98526;-98796;-98796;-98796;-98796;-98796;-98796;-98796;-98796;-98796;-98796;-98796;-98796;-98796;-98796;-98796;-98796;-98796;-98796;-98796;
-53254;-47157;-82883;-92018;-93668;-94178;-94738;-94738;-94738;-94738;-94738;-94738;-94738;-94178;-94738;-94738;-95018;-95018;-95018;-93903;-94178;-95018;-95018;-94738;-95018;-95018;-95018;-94738;-95018;-95018;-94498;-95018;-94327;-94498;-95018;-95018;-94498;-94738;-94498;-95018;-95018;-95018;-95018;-93668;-94738;-95018;-94228;-95018;-98016;-95018;
-82435;-60392;-61437;-93158;-93668;-93538;-93778;-93778;-93448;-98796;-98796;-98796;-98796;-98796;-98796;-98796;-98796;-98796;-98796;-98796;-98796;-98796;-98796;-98796;-98796;-98796;-98796;-98796;-98796;-98796;-98796;-98796;-98796;-98796;-98796;-98796;-98796;-98796;-98796;-98796;-98796;-98796;-98796;-98796;-98796;-98796;-98796;-98796;-98796;-98796;
-61281;-62100;-62983;-88905;-91165;-93508;-89886;-94238;-94738;-94738;-94738;-94738;-94738;-94738;-94738;-94738;-94738;-94738;-94738;-93908;-95018;-95018;-94738;-95018;-94738;-95018;-94228;-94018;-95018;-95018;-95018;-95018;-95018;-95018;-95018;-94738;-95018;-95018;-94738;-94388;-95018;-95018;-95018;-95018;-94738;-94738;-94738;-95018;-95018;-95018;
-67719;-64505;-81830;-91658;-94816;-94680;-98526;-95261;-98796;-98796;-98526;-98796;-98796;-98796;-98796;-98526;-98796;-98796;-98796;-98796;-98796;-98796;-98796;-98796;-98796;-98796;-98796;-98796;-98796;-98796;-98796;-98796;-98526;-98796;-98796;-98796;-98796;-98796;-98796;-98526;-98796;-98796;-98796;-98796;-98796;-98796;-98796;-98796;-98796;-98796;
-36551;-57098;-90252;-87033;-93688;-92348;-94058;-95018;-95018;-95018;-95018;-95018;-95018;-95018;-95018;-95018;-95018;-95018;-95018;-95018;-95018;-95018;-95018;-95018;-95018;-95018;-95018;-95018;-95018;-95018;-95018;-97906;-98506;-98016;-98631;-98631;-98631;-98631;-98631;-98631;-98631;-98631;-98631;-98631;-98631;-98631;-98631;-98631;-98631;-98631;
-64198;-50278;-67707;-86130;-93468;-94228;-94338;-94338;-94338;-94338;-94338;-94338;-94338;-94738;-94738;-94738;-95018;-95018;-95018;-95018;-95018;-95018;-95018;-95018;-95018;-95018;-95018;-95018;-95018;-95018;-95018;-95018;-95018;-95018;-95018;-95018;-95018;-95018;-94228;-95018;-95018;-95018;-94738;-94628;-95018;-95018;-95018;-95018;-95018;-95018;
-63663;-30982;-79484;-93133;-92177;-93803;-93903;-92743;-94498;-94738;-94738;-94738;-94738;-95018;-95018;-95018;-95018;-95018;-95018;-95018;-95018;-95018;-95018;-95018;-95018;-95018;-95018;-95018;-95018;-95018;-95018;-95018;-95018;-95018;-95018;-95018;-95018;-95018;-95018;-95018;-95018;-95018;-95018;-95018;-95018;-95018;-95018;-95018;-95018;-95018;
-69710;-60058;-68500;-89868;-93632;-92353;-92203;-93643;-93643;-93643;-93803;-93903;-93903;-94738;-94738;-94738;-94738;-94738;-94738;-94738;-94738;-95018;-94738;-94738;-94228;-94738;-94738;-94738;-94738;-95018;-94738;-98016;-93903;-95018;-94738;-95018;-95018;-95018;-98016;-98796;-98796;-98796;-98796;-98796;-98796;-98796;-98796;-98796;-98796;-98796;
-60251;-51401;-90635;-92427;-98416;-90441;-93968;-98416;-98416;-98796;-98796;-98796;-98796;-98796;-98796;-98796;-98796;-98796;-98796;-98796;-98796;-98796;-98796;-98796;-98796;-98796;-98796;-98796;-98796;-98796;-98796;-98796;-98796;-98796;-98796;-98796;-98796;-98796;-98796;-98796;-98796;-98796;-98796;-98796;-98796;-98796;-98796;-98796;-98796;-98796;
