-77517;-77517;-77517;-77517;-77517;-77517;-77517;-77517;-77517;-77517;-77517;-77517;-77517;-77517;-77517;-77517;-77517;-77517;-77517;-77517;-77517;-77517;-77517;-77517;-77517;-77517;-77517;-77517;-77517;-77517;-77517;-77517;-77517;-77517;-77517;-77517;-77517;-77517;-77517;-77517;-77517;-77517;-77517;-77517;-77517;-77517;-77517;-77517;-77517;-77517
-82858;-87083;-87083;-87083;-87083;-87083;-87083;-87083;-87083;-87083;-87083;-87083;-87083;-87083;-87083;-87083;-87083;-87083;-87083;-87083;-87083;-87083;-87083;-87083;-87083;-87083;-87083;-87083;-87083;-87083;-87083;-87083;-87083;-87083;-87083;-87083;-87083;-87083;-87083;-87083;-87083;-87083;-87083;-87083;-87083;-87083;-87083;-87083;-87083;-87083
-91830;-91830;-91830;-91830;-91830;-91830;-91830;-91830;-91830;-91830;-91830;-91830;-91830;-91830;-91830;-91830;-91830;-91830;-91830;-91830;-91830;-91830;-91830;-91830;-91830;-91830;-91830;-91830;-91830;-91830;-91830;-91830;-91830;-91830;-91830;-91830;-91830;-91830;-91830;-91830;-91830;-91830;-91830;-91830;-91830;-91830;-91830;-91830;-91830;-91830
-46940;-46940;-46940;-46940;-46940;-46940;-46940;-46940;-46940;-46940;-46940;-46940;-46940;-46940;-46940;-46940;-46940;-46940;-46940;-46940;-46940;-46940;-46940;-46940;-46940;-46940;-46940;-46940;-46940;-46940;-46940;-46940;-46940;-46940;-46940;-46940;-46940;-46940;-46940;-46940;-46940;-46940;-46940;-46940;-46940;-46940;-46940;-46940;-46940;-46940
-115568;-118320;-118320;-118320;-118320;-118320;-118320;-118320;-118320;-118320;-118320;-118320;-118320;-118320;-118320;-118320;-118320;-118320;-118320;-118320;-118320;-118320;-118320;-118320;-118320;-118320;-118320;-118320;-118320;-118320;-118320;-118320;-118320;-118320;-118320;-118320;-118320;-118320;-118320;-118320;-118320;-118320;-118320;-118320;-118320;-118320;-118320;-118320;-118320;-118320
-94683;-94843;-95173;-95173;-95173;-95173;-95173;-95173;-95173;-95173;-95173;-95173;-95173;-95173;-95173;-95173;-95173;-95173;-95173;-95173;-95173;-95173;-95173;-95173;-95173;-95173;-95173;-95173;-95173;-95173;-95173;-95173;-95173;-95173;-95173;-95173;-95173;-95173;-95173;-95173;-95173;-95173;-95173;-95173;-95173;-95173;-95173;-95173;-95173;-95173
-101130;-103640;-103640;-103640;-103640;-103640;-103640;-103640;-103640;-103640;-103640;-103640;-103640;-103640;-103640;-103640;-103640;-103640;-103640;-103640;-103640;-103640;-103640;-103640;-103640;-103640;-103640;-103640;-103640;-103640;-103640;-103640;-103640;-103640;-103640;-103640;-103640;-103640;-103640;-103640;-103640;-103640;-103640;-103640;-103640;-103640;-103640;-103640;-103640;-103640
-95998;-96558;-96558;-96558;-96558;-96558;-96558;-96558;-96558;-96558;-96558;-96558;-96558;-96558;-96558;-96558;-96558;-96558;-96558;-96558;-96558;-96558;-96558;-96558;-96558;-96558;-96558;-96558;-96558;-96558;-96558;-96558;-96558;-96558;-96558;-96558;-96558;-96558;-96558;-96558;-96558;-96558;-96558;-96558;-96558;-96558;-96558;-96558;-96558;-96558
-79631;-79901;-79901;-79901;-79901;-79901;-79901;-79901;-79901;-79901;-79901;-79901;-79901;-79901;-79901;-79901;-79901;-79901;-79901;-79901;-79901;-79901;-79901;-79901;-79901;-79901;-79901;-79901;-79901;-79901;-79901;-79901;-79901;-79901;-79901;-79901;-79901;-79901;-79901;-79901;-79901;-79901;-79901;-79901;-79901;-79901;-79901;-79901;-79901;-79901
-94060;-98850;-99410;-99410;-99410;-99410;-99410;-99410;-99410;-99410;-99410;-99410;-99410;-99410;-99410;-99410;-99410;-99410;-99410;-99410;-99410;-99410;-99410;-99410;-99410;-99410;-99410;-99410;-99410;-99410;-99410;-99410;-99410;-99410;-99410;-99410;-99410;-99410;-99410;-99410;-99410;-99410;-99410;-99410;-99410;-99410;-99410;-99410;-99410;-99410
-33980;-33980;-33980;-33980;-33980;-33980;-33980;-33980;-33980;-33980;-33980;-33980;-33980;-33980;-33980;-33980;-33980;-33980;-33980;-33980;-33980;-33980;-33980;-33980;-33980;-33980;-33980;-33980;-33980;-33980;-33980;-33980;-33980;-33980;-33980;-33980;-33980;-33980;-33980;-33980;-33980;-33980;-33980;-33980;-33980;-33980;-33980;-33980;-33980;-33980
-82911;-83421;-83421;-83421;-83421;-83421;-83421;-83421;-83421;-83421;-83421;-83421;-83421;-83421;-83421;-83421;-83421;-83421;-83421;-83421;-83421;-83421;-83421;-83421;-83421;-83421;-83421;-83421;-83421;-83421;-83421;-83421;-83421;-83421;-83421;-83421;-83421;-83421;-83421;-83421;-83421;-83421;-83421;-83421;-83421;-83421;-83421;-83421;-83421;-83421
-33101;-33541;-33541;-33541;-33541;-33541;-33541;-33541;-33541;-33541;-33541;-33541;-33541;-33541;-33541;-33541;-33541;-33541;-33541;-33541;-33541;-33541;-33541;-33541;-33541;-33541;-33541;-33541;-33541;-33541;-33541;-33541;-33541;-33541;-33541;-33541;-33541;-33541;-33541;-33541;-33541;-33541;-33541;-33541;-33541;-33541;-33541;-33541;-33541;-33541
-95651;-95651;-95651;-95651;-95651;-95651;-95651;-95651;-95651;-95651;-95651;-95651;-95651;-95651;-95651;-95651;-95651;-95651;-95651;-95651;-95651;-95651;-95651;-95651;-95651;-95651;-95651;-95651;-95651;-95651;-95651;-95651;-95651;-95651;-95651;-95651;-95651;-95651;-95651;-95651;-95651;-95651;-95651;-95651;-95651;-95651;-95651;-95651;-95651;-95651
-30800;-30800;-30800;-30800;-30800;-30800;-30800;-30800;-30800;-30800;-30800;-30800;-30800;-30800;-30800;-30800;-30800;-30800;-30800;-30800;-30800;-30800;-30800;-30800;-30800;-30800;-30800;-30800;-30800;-30800;-30800;-30800;-30800;-30800;-30800;-30800;-30800;-30800;-30800;-30800;-30800;-30800;-30800;-30800;-30800;-30800;-30800;-30800;-30800;-30800
-34870;-34870;-34870;-34870;-34870;-34870;-34870;-34870;-34870;-34870;-34870;-34870;-34870;-34870;-34870;-34870;-34870;-34870;-34870;-34870;-34870;-34870;-34870;-34870;-34870;-34870;-34870;-34870;-34870;-34870;-34870;-34870;-34870;-34870;-34870;-34870;-34870;-34870;-34870;-34870;-34870;-34870;-34870;-34870;-34870;-34870;-34870;-34870;-34870;-34870
-75873;-80913;-80913;-80913;-80913;-80913;-80913;-80913;-80913;-80913;-80913;-80913;-80913;-80913;-80913;-80913;-80913;-80913;-80913;-80913;-80913;-80913;-80913;-80913;-80913;-80913;-80913;-80913;-80913;-80913;-80913;-80913;-80913;-80913;-80913;-80913;-80913;-80913;-80913;-80913;-80913;-80913;-80913;-80913;-80913;-80913;-80913;-80913;-80913;-80913
-104186;-106136;-106136;-106136;-106136;-106136;-106136;-106136;-106136;-106136;-106136;-106136;-106136;-106136;-106136;-106136;-106136;-106136;-106136;-106136;-106136;-106136;-106136;-106136;-106136;-106136;-106136;-106136;-106136;-106136;-106136;-106136;-106136;-106136;-106136;-106136;-106136;-106136;-106136;-106136;-106136;-106136;-106136;-106136;-106136;-106136;-106136;-106136;-106136;-106136
-77293;-77293;-77293;-77293;-77293;-77293;-77293;-77293;-77293;-77293;-77293;-77293;-77293;-77293;-77293;-77293;-77293;-77293;-77293;-77293;-77293;-77293;-77293;-77293;-77293;-77293;-77293;-77293;-77293;-77293;-77293;-77293;-77293;-77293;-77293;-77293;-77293;-77293;-77293;-77293;-77293;-77293;-77293;-77293;-77293;-77293;-77293;-77293;-77293;-77293
-81712;-81712;-81712;-81712;-81712;-81712;-81712;-81712;-81712;-81712;-81712;-81712;-81712;-81712;-81712;-81712;-81712;-81712;-81712;-81712;-81712;-81712;-81712;-81712;-81712;-81712;-81712;-81712;-81712;-81712;-81712;-81712;-81712;-81712;-81712;-81712;-81712;-81712;-81712;-81712;-81712;-81712;-81712;-81712;-81712;-81712;-81712;-81712;-81712;-81712
-110520;-110850;-110850;-110850;-110850;-110850;-110850;-110850;-110850;-110850;-110850;-110850;-110850;-110850;-110850;-110850;-110850;-110850;-110850;-110850;-110850;-110850;-110850;-110850;-110850;-110850;-110850;-110850;-110850;-110850;-110850;-110850;-110850;-110850;-110850;-110850;-110850;-110850;-110850;-110850;-110850;-110850;-110850;-110850;-110850;-110850;-110850;-110850;-110850;-110850
-87990;-96337;-96557;-96827;-96827;-96827;-96827;-96827;-96827;-96827;-96827;-96827;-96827;-96827;-96827;-96827;-96827;-96827;-96827;-96827;-96827;-96827;-96827;-96827;-96827;-96827;-96827;-96827;-96827;-96827;-96827;-96827;-96827;-96827;-96827;-96827;-96827;-96827;-96827;-96827;-96827;-96827;-96827;-96827;-96827;-96827;-96827;-96827;-96827;-96827
-88988;-102636;-102636;-102636;-102636;-102636;-102636;-102636;-102636;-102636;-102636;-102636;-102636;-102636;-102636;-102636;-102636;-102636;-102636;-102636;-102636;-102636;-102636;-102636;-102636;-102636;-102636;-102636;-102636;-102636;-102636;-102636;-102636;-102636;-102636;-102636;-102636;-102636;-102636;-102636;-102636;-102636;-102636;-102636;-102636;-102636;-102636;-102636;-102636;-102636
-80736;-85151;-85151;-85151;-85151;-85151;-85151;-85151;-85151;-85151;-85151;-85151;-85151;-85151;-85151;-85151;-85151;-85151;-85151;-85151;-85151;-85151;-85151;-85151;-85151;-85151;-85151;-85151;-85151;-85151;-85151;-85151;-85151;-85151;-85151;-85151;-85151;-85151;-85151;-85151;-85151;-85151;-85151;-85151;-85151;-85151;-85151;-85151;-85151;-85151
-106217;-110112;-110112;-110112;-110112;-110112;-110112;-110112;-110112;-110112;-110112;-110112;-110112;-110112;-110112;-110112;-110112;-110112;-110112;-110112;-110112;-110112;-110112;-110112;-110112;-110112;-110112;-110112;-110112;-110112;-110112;-110112;-110112;-110112;-110112;-110112;-110112;-110112;-110112;-110112;-110112;-110112;-110112;-110112;-110112;-110112;-110112;-110112;-110112;-110112
-76009;-77907;-77907;-77907;-77907;-77907;-77907;-77907;-77907;-77907;-77907;-77907;-77907;-77907;-77907;-77907;-77907;-77907;-77907;-77907;-77907;-77907;-77907;-77907;-77907;-77907;-77907;-77907;-77907;-77907;-77907;-77907;-77907;-77907;-77907;-77907;-77907;-77907;-77907;-77907;-77907;-77907;-77907;-77907;-77907;-77907;-77907;-77907;-77907;-77907
-65288;-67118;-67678;-67678;-67678;-67678;-67678;-67678;-67678;-67678;-67678;-67678;-67678;-67678;-67678;-67678;-67678;-67678;-67678;-67678;-67678;-67678;-67678;-67678;-67678;-67678;-67678;-67678;-67678;-67678;-67678;-67678;-67678;-67678;-67678;-67678;-67678;-67678;-67678;-67678;-67678;-67678;-67678;-67678;-67678;-67678;-67678;-67678;-67678;-67678
-85798;-85798;-85798;-85798;-85798;-85798;-85798;-85798;-85798;-85798;-85798;-85798;-85798;-85798;-85798;-85798;-85798;-85798;-85798;-85798;-85798;-85798;-85798;-85798;-85798;-85798;-85798;-85798;-85798;-85798;-85798;-85798;-85798;-85798;-85798;-85798;-85798;-85798;-85798;-85798;-85798;-85798;-85798;-85798;-85798;-85798;-85798;-85798;-85798;-85798
-85585;-85585;-85585;-85585;-85585;-85585;-85585;-85585;-85585;-85585;-85585;-85585;-85585;-85585;-85585;-85585;-85585;-85585;-85585;-85585;-85585;-85585;-85585;-85585;-85585;-85585;-85585;-85585;-85585;-85585;-85585;-85585;-85585;-85585;-85585;-85585;-85585;-85585;-85585;-85585;-85585;-85585;-85585;-85585;-85585;-85585;-85585;-85585;-85585;-85585
-91042;-91042;-91042;-91042;-91042;-91042;-91042;-91042;-91042;-91042;-91042;-91042;-91042;-91042;-91042;-91042;-91042;-91042;-91042;-91042;-91042;-91042;-91042;-91042;-91042;-91042;-91042;-91042;-91042;-91042;-91042;-91042;-91042;-91042;-91042;-91042;-91042;-91042;-91042;-91042;-91042;-91042;-91042;-91042;-91042;-91042;-91042;-91042;-91042;-91042