-121669;-129223;-129733;-130103;-130123;-130233;-130233;-130233;-130233;-130233;-130233;-130233;-130233;-130233;-130623;-130623;-130623;-130623;-130623;-130623;-130623;-130623;-130623;-130623;-130623;-130623;-130623;-130623;-130623;-130623;-130623;-130623;-130623;-130623;-130623;-130623;-130623;-130623;-130623;-130623;-130623;-130623;-130623;-130623;-130623;-130623;-130623;-130623;-130623
-125613;-127071;-129403;-130223;-130233;-130233;-130233;-130233;-130233;-130233;-130233;-130233;-130233;-130233;-130233;-130233;-130233;-130233;-130233;-130233;-130233;-130233;-130233;-130233;-130233;-130233;-130233;-130233;-130233;-130233;-130233;-130233;-130233;-130233;-130233;-130233;-130233;-130233;-130233;-130233;-130233;-130233;-130233;-130233;-130233;-130233;-130233;-130233;-130233
-121175;-123748;-128393;-128393;-129943;-130123;-130163;-130233;-130233;-130233;-130233;-130233;-130233;-130233;-130233;-130233;-130233;-130233;-130233;-130233;-130233;-130233;-130233;-130233;-130233;-130233;-130233;-130233;-130233;-130233;-130233;-130233;-130233;-130233;-130233;-130233;-130233;-130233;-130233;-130233;-130233;-130233;-130233;-130233;-130233;-130233;-130233;-130233;-130233
-120919;-128058;-129193;-129303;-130053;-130233;-130233;-130233;-130233;-130233;-130233;-130233;-130233;-130233;-130233;-130233;-130233;-130233;-130233;-130233;-130233;-130233;-130233;-130233;-130233;-130233;-130233;-130233;-130233;-130233;-130233;-130233;-130233;-130233;-130233;-130233;-130233;-130233;-130233;-130233;-130233;-130233;-130233;-130233;-130233;-130233;-130233;-130233;-130233
-119934;-124420;-126378;-129183;-130013;-130113;-130113;-130623;-130623;-130623;-130623;-130623;-130623;-130623;-130623;-130623;-130623;-130623;-130623;-130623;-130623;-130623;-130623;-130623;-130623;-130623;-130623;-130623;-130623;-130623;-130623;-130623;-130623;-130623;-130623;-130623;-130623;-130623;-130623;-130623;-130623;-130623;-130623;-130623;-130623;-130623;-130623;-130623;-130623
-117271;-119855;-123410;-126961;-126961;-129288;-130223;-130623;-130623;-130623;-130623;-130623;-130623;-130623;-130623;-130623;-130623;-130623;-130623;-130623;-130623;-130623;-130623;-130623;-130623;-130623;-130623;-130623;-130623;-130623;-130623;-130623;-130623;-130623;-130623;-130623;-130623;-130623;-130623;-130623;-130623;-130623;-130623;-130623;-130623;-130623;-130623;-130623;-130623
-119208;-129798;-129798;-129943;-130233;-130233;-130233;-130233;-130233;-130233;-130233;-130233;-130233;-130233;-130233;-130233;-130233;-130233;-130233;-130233;-130233;-130233;-130233;-130233;-130233;-130233;-130233;-130233;-130233;-130233;-130233;-130233;-130233;-130233;-130233;-130233;-130233;-130233;-130233;-130233;-130233;-130233;-130233;-130233;-130233;-130233;-130233;-130233;-130233
-128232;-128332;-129698;-129698;-129808;-129808;-129808;-130233;-130233;-130233;-130233;-130233;-130233;-130233;-130233;-130233;-130233;-130233;-130233;-130233;-130233;-130233;-130233;-130233;-130233;-130233;-130233;-130233;-130233;-130233;-130233;-130233;-130233;-130233;-130233;-130233;-130233;-130233;-130233;-130233;-130233;-130233;-130233;-130233;-130233;-130233;-130233;-130233;-130233
-122690;-123225;-123730;-128312;-128673;-128673;-128693;-128693;-129023;-129733;-129733;-129733;-129733;-129733;-129733;-129733;-129733;-129733;-129733;-129733;-129733;-129733;-129733;-129733;-129733;-129733;-129733;-129733;-129733;-129733;-129733;-129733;-129733;-129733;-129733;-129733;-129733;-129733;-129733;-129733;-129733;-129733;-129733;-129733;-129733;-129733;-129733;-129733;-129733
-125882;-128982;-129142;-129613;-130092;-130103;-130233;-130233;-130233;-130233;-130233;-130233;-130233;-130233;-130233;-130233;-130233;-130233;-130233;-130233;-130233;-130233;-130233;-130233;-130233;-130233;-130233;-130233;-130233;-130233;-130233;-130233;-130233;-130233;-130233;-130233;-130233;-130233;-130233;-130233;-130233;-130233;-130233;-130233;-130233;-130233;-130233;-130233;-130233
-121382;-124923;-128173;-129613;-129798;-130053;-130213;-130233;-130233;-130233;-130233;-130233;-130233;-130233;-130233;-130233;-130233;-130233;-130233;-130233;-130233;-130233;-130233;-130233;-130233;-130233;-130233;-130233;-130233;-130233;-130233;-130233;-130233;-130233;-130233;-130233;-130233;-130233;-130233;-130233;-130233;-130233;-130233;-130233;-130233;-130233;-130233;-130233;-130233
-127202;-128662;-128662;-129023;-129023;-129023;-129023;-129023;-129023;-129023;-129023;-129023;-129023;-129023;-129023;-129023;-129023;-129123;-129123;-129123;-129123;-129123;-129123;-129162;-129272;-129272;-129272;-129283;-129283;-129283;-129283;-129283;-129283;-129283;-129283;-129283;-129283;-129283;-129283;-129283;-129283;-129283;-129283;-129283;-129283;-129283;-129283;-129283;-129283
-119272;-126157;-128552;-130233;-130233;-130233;-130233;-130233;-130233;-130233;-130233;-130233;-130233;-130233;-130233;-130233;-130233;-130233;-130233;-130233;-130233;-130233;-130233;-130233;-130233;-130233;-130233;-130233;-130233;-130233;-130233;-130233;-130233;-130233;-130233;-130233;-130233;-130233;-130233;-130233;-130233;-130233;-130233;-130233;-130233;-130233;-130233;-130233;-130233
-121444;-128227;-128227;-130123;-130233;-130233;-130233;-130233;-130233;-130233;-130233;-130233;-130233;-130233;-130233;-130233;-130233;-130233;-130233;-130233;-130233;-130233;-130233;-130233;-130233;-130233;-130233;-130233;-130233;-130233;-130233;-130233;-130233;-130233;-130233;-130233;-130233;-130233;-130233;-130233;-130233;-130233;-130233;-130233;-130233;-130233;-130233;-130233;-130233
-125613;-125613;-125613;-125613;-129798;-129798;-129798;-130013;-130013;-130223;-130223;-130223;-130223;-130223;-130223;-130223;-130223;-130223;-130223;-130623;-130623;-130623;-130623;-130623;-130623;-130623;-130623;-130623;-130623;-130623;-130623;-130623;-130623;-130623;-130623;-130623;-130623;-130623;-130623;-130623;-130623;-130623;-130623;-130623;-130623;-130623;-130623;-130623;-130623
-124577;-128063;-128663;-130113;-130623;-130623;-130623;-130623;-130623;-130623;-130623;-130623;-130623;-130623;-130623;-130623;-130623;-130623;-130623;-130623;-130623;-130623;-130623;-130623;-130623;-130623;-130623;-130623;-130623;-130623;-130623;-130623;-130623;-130623;-130623;-130623;-130623;-130623;-130623;-130623;-130623;-130623;-130623;-130623;-130623;-130623;-130623;-130623;-130623
-121500;-122330;-128673;-129003;-129303;-130623;-130623;-130623;-130623;-130623;-130623;-130623;-130623;-130623;-130623;-130623;-130623;-130623;-130623;-130623;-130623;-130623;-130623;-130623;-130623;-130623;-130623;-130623;-130623;-130623;-130623;-130623;-130623;-130623;-130623;-130623;-130623;-130623;-130623;-130623;-130623;-130623;-130623;-130623;-130623;-130623;-130623;-130623;-130623
-120547;-122723;-128178;-128657;-130233;-130623;-130623;-130623;-130623;-130623;-130623;-130623;-130623;-130623;-130623;-130623;-130623;-130623;-130623;-130623;-130623;-130623;-130623;-130623;-130623;-130623;-130623;-130623;-130623;-130623;-130623;-130623;-130623;-130623;-130623;-130623;-130623;-130623;-130623;-130623;-130623;-130623;-130623;-130623;-130623;-130623;-130623;-130623;-130623
-118152;-120625;-126882;-126882;-128492;-128492;-130123;-130623;-130623;-130623;-130623;-130623;-130623;-130623;-130623;-130623;-130623;-130623;-130623;-130623;-130623;-130623;-130623;-130623;-130623;-130623;-130623;-130623;-130623;-130623;-130623;-130623;-130623;-130623;-130623;-130623;-130623;-130623;-130623;-130623;-130623;-130623;-130623;-130623;-130623;-130623;-130623;-130623;-130623
-120104;-122664;-125552;-125552;-127102;-127112;-130103;-130103;-130213;-130233;-130233;-130233;-130233;-130233;-130233;-130233;-130233;-130233;-130233;-130233;-130233;-130233;-130233;-130233;-130233;-130233;-130233;-130233;-130233;-130233;-130233;-130233;-130233;-130233;-130233;-130233;-130233;-130233;-130233;-130233;-130233;-130233;-130233;-130233;-130233;-130233;-130233;-130233;-130233
-121165;-126043;-127738;-129688;-129688;-129688;-129733;-129798;-129798;-130223;-130623;-130623;-130623;-130623;-130623;-130623;-130623;-130623;-130623;-130623;-130623;-130623;-130623;-130623;-130623;-130623;-130623;-130623;-130623;-130623;-130623;-130623;-130623;-130623;-130623;-130623;-130623;-130623;-130623;-130623;-130623;-130623;-130623;-130623;-130623;-130623;-130623;-130623;-130623
-121389;-122318;-128078;-128177;-129082;-129728;-130223;-130223;-130223;-130223;-130223;-130223;-130223;-130223;-130623;-130623;-130623;-130623;-130623;-130623;-130623;-130623;-130623;-130623;-130623;-130623;-130623;-130623;-130623;-130623;-130623;-130623;-130623;-130623;-130623;-130623;-130623;-130623;-130623;-130623;-130623;-130623;-130623;-130623;-130623;-130623;-130623;-130623;-130623
-120080;-122549;-122549;-129293;-130123;-130123;-130223;-130223;-130223;-130223;-130223;-130223;-130223;-130623;-130623;-130623;-130623;-130623;-130623;-130623;-130623;-130623;-130623;-130623;-130623;-130623;-130623;-130623;-130623;-130623;-130623;-130623;-130623;-130623;-130623;-130623;-130623;-130623;-130623;-130623;-130623;-130623;-130623;-130623;-130623;-130623;-130623;-130623;-130623
-119833;-126198;-128492;-129272;-129272;-130202;-130202;-130202;-130213;-130213;-130213;-130213;-130213;-130213;-130213;-130233;-130233;-130233;-130233;-130233;-130233;-130233;-130233;-130233;-130233;-130233;-130233;-130233;-130233;-130233;-130233;-130233;-130233;-130233;-130233;-130233;-130233;-130233;-130233;-130233;-130233;-130233;-130233;-130233;-130233;-130233;-130233;-130233;-130233
-120240;-125821;-125821;-130113;-130223;-130223;-130623;-130623;-130623;-130623;-130623;-130623;-130623;-130623;-130623;-130623;-130623;-130623;-130623;-130623;-130623;-130623;-130623;-130623;-130623;-130623;-130623;-130623;-130623;-130623;-130623;-130623;-130623;-130623;-130623;-130623;-130623;-130623;-130623;-130623;-130623;-130623;-130623;-130623;-130623;-130623;-130623;-130623;-130623
-121702;-124768;-128693;-129193;-129808;-130123;-130123;-130233;-130233;-130233;-130233;-130233;-130233;-130233;-130233;-130233;-130233;-130233;-130233;-130233;-130233;-130233;-130233;-130233;-130233;-130233;-130233;-130233;-130233;-130233;-130233;-130233;-130233;-130233;-130233;-130233;-130233;-130233;-130233;-130233;-130233;-130233;-130233;-130233;-130233;-130233;-130233;-130233;-130233
-124072;-124072;-125957;-128232;-128872;-130233;-130233;-130233;-130233;-130233;-130233;-130233;-130233;-130233;-130233;-130233;-130233;-130233;-130233;-130233;-130233;-130233;-130233;-130233;-130233;-130233;-130233;-130233;-130233;-130233;-130233;-130233;-130233;-130233;-130233;-130233;-130233;-130233;-130233;-130233;-130233;-130233;-130233;-130233;-130233;-130233;-130233;-130233;-130233
-120088;-128403;-130013;-130103;-130103;-130163;-130623;-130623;-130623;-130623;-130623;-130623;-130623;-130623;-130623;-130623;-130623;-130623;-130623;-130623;-130623;-130623;-130623;-130623;-130623;-130623;-130623;-130623;-130623;-130623;-130623;-130623;-130623;-130623;-130623;-130623;-130623;-130623;-130623;-130623;-130623;-130623;-130623;-130623;-130623;-130623;-130623;-130623;-130623
-121554;-122675;-124440;-124440;-124460;-124550;-125250;-125250;-125250;-125360;-125360;-125360;-125360;-125360;-125360;-125360;-125360;-125360;-125360;-125360;-125360;-125360;-125360;-125360;-125360;-125360;-125360;-125360;-125360;-125360;-125360;-125360;-125360;-125360;-125360;-125360;-125360;-125360;-125360;-125360;-125360;-125360;-125360;-125360;-125360;-125360;-125360;-125360;-125360
-122750;-123535;-128243;-128793;-130202;-130202;-130202;-130202;-130202;-130202;-130223;-130223;-130233;-130233;-130623;-130623;-130623;-130623;-130623;-130623;-130623;-130623;-130623;-130623;-130623;-130623;-130623;-130623;-130623;-130623;-130623;-130623;-130623;-130623;-130623;-130623;-130623;-130623;-130623;-130623;-130623;-130623;-130623;-130623;-130623;-130623;-130623;-130623;-130623